Date,Close
2000-01-03,0.999442
2000-01-04,0.915179
2000-01-05,0.928571
2000-01-06,0.848214
2000-01-07,0.888393
2000-01-10,0.872768
2000-01-11,0.828125
2000-01-12,0.77846
2000-01-13,0.863839
2000-01-14,0.896763
2000-01-18,0.928013
2000-01-19,0.951451
2000-01-20,1.013393
2000-01-21,0.993862
2000-01-24,0.948661
2000-01-25,1.002232
2000-01-26,0.983817
2000-01-27,0.982143
2000-01-28,0.907366
2000-01-31,0.926339
2000-02-01,0.895089
2000-02-02,0.882254
2000-02-03,0.922433
2000-02-04,0.964286
2000-02-07,1.018415
2000-02-08,1.02567
2000-02-09,1.00558
2000-02-10,1.013393
2000-02-11,0.970982
2000-02-14,1.03404
2000-02-15,1.0625
2000-02-16,1.018973
2000-02-17,1.02567
2000-02-18,0.993304
2000-02-22,1.016183
2000-02-23,1.037946
2000-02-24,1.028599
2000-02-25,0.985491
2000-02-28,1.011161
2000-02-29,1.023438
2000-03-01,1.163504
2000-03-02,1.089286
2000-03-03,1.142857
2000-03-06,1.12221
2000-03-07,1.097098
2000-03-08,1.089286
2000-03-09,1.091518
2000-03-10,1.122768
2000-03-13,1.083147
2000-03-14,1.020089
2000-03-15,1.037946
2000-03-16,1.085379
2000-03-17,1.116071
2000-03-20,1.098214
2000-03-21,1.204799
2000-03-22,1.287388
2000-03-23,1.261719
2000-03-24,1.238281
2000-03-27,1.246094
2000-03-28,1.242188
2000-03-29,1.213728
2000-03-30,1.122768
2000-03-31,1.212612
2000-04-03,1.19029
2000-04-04,1.136719
2000-04-05,1.164063
2000-04-06,1.117746
2000-04-07,1.176339
2000-04-10,1.116071
2000-04-11,1.066406
2000-04-12,0.975446
2000-04-13,1.016183
2000-04-14,0.998884
2000-04-17,1.106027
2000-04-18,1.132813
2000-04-19,1.081473
2000-04-20,1.061384
2000-04-24,1.075893
2000-04-25,1.145647
2000-04-26,1.083147
2000-04-27,1.131696
2000-04-28,1.107701
2000-05-01,1.109933
2000-05-02,1.052455
2000-05-03,1.027344
2000-05-04,0.988281
2000-05-05,1.010045
2000-05-08,0.983259
2000-05-09,0.941406
2000-05-10,0.886719
2000-05-11,0.917969
2000-05-12,0.960938
2000-05-15,0.901786
2000-05-16,0.943638
2000-05-17,0.905134
2000-05-18,0.899554
2000-05-19,0.839286
2000-05-22,0.803013
2000-05-23,0.766183
2000-05-24,0.782924
2000-05-25,0.779157
2000-05-26,0.771205
2000-05-30,0.781808
2000-05-31,0.75
2000-06-01,0.795759
2000-06-02,0.826451
2000-06-05,0.81529
2000-06-06,0.829241
2000-06-07,0.862165
2000-06-08,0.84654
2000-06-09,0.854911
2000-06-12,0.814174
2000-06-13,0.84375
2000-06-14,0.807478
2000-06-15,0.824777
2000-06-16,0.814174
2000-06-19,0.862723
2000-06-20,0.904018
2000-06-21,0.993304
2000-06-22,0.959821
2000-06-23,0.922991
2000-06-26,0.966518
2000-06-27,0.924107
2000-06-28,0.972098
2000-06-29,0.915179
2000-06-30,0.935268
2000-07-03,0.952009
2000-07-05,0.921875
2000-07-06,0.925223
2000-07-07,0.972098
2000-07-10,1.020089
2000-07-11,1.016741
2000-07-12,1.051339
2000-07-13,1.008929
2000-07-14,1.030134
2000-07-17,1.041295
2000-07-18,1.022321
2000-07-19,0.940848
2000-07-20,0.984375
2000-07-21,0.956473
2000-07-24,0.86942
2000-07-25,0.893973
2000-07-26,0.893973
2000-07-27,0.928571
2000-07-28,0.862723
2000-07-31,0.907366
2000-08-01,0.88058
2000-08-02,0.84375
2000-08-03,0.857143
2000-08-04,0.845982
2000-08-07,0.856027
2000-08-08,0.834821
2000-08-09,0.848214
2000-08-10,0.84933
2000-08-11,0.851563
2000-08-14,0.840402
2000-08-15,0.833705
2000-08-16,0.866071
2000-08-17,0.918527
2000-08-18,0.892857
2000-08-21,0.901786
2000-08-22,0.922991
2000-08-23,0.969866
2000-08-24,1.001953
2000-08-25,1.014509
2000-08-28,1.03683
2000-08-29,1.05692
2000-08-30,1.0625
2000-08-31,1.08817
2000-09-01,1.132813
2000-09-05,1.114955
2000-09-06,1.043527
2000-09-07,1.107143
2000-09-08,1.051339
2000-09-11,1.043527
2000-09-12,1.03125
2000-09-13,1.035714
2000-09-14,1.015346
2000-09-15,0.986328
2000-09-18,1.083147
2000-09-19,1.070313
2000-09-20,1.090123
2000-09-21,1.012277
2000-09-22,0.93192
2000-09-25,0.955357
2000-09-26,0.918527
2000-09-27,0.873884
2000-09-28,0.955357
2000-09-29,0.459821
2000-10-02,0.433036
2000-10-03,0.398438
2000-10-04,0.421875
2000-10-05,0.393973
2000-10-06,0.396205
2000-10-09,0.388393
2000-10-10,0.372768
2000-10-11,0.350446
2000-10-12,0.357143
2000-10-13,0.393973
2000-10-16,0.383929
2000-10-17,0.359375
2000-10-18,0.359375
2000-10-19,0.33817
2000-10-20,0.348214
2000-10-23,0.363839
2000-10-24,0.337054
2000-10-25,0.330357
2000-10-26,0.330357
2000-10-27,0.331473
2000-10-30,0.344866
2000-10-31,0.34933
2000-11-01,0.366071
2000-11-02,0.398438
2000-11-03,0.397321
2000-11-06,0.382813
2000-11-07,0.38058
2000-11-08,0.358259
2000-11-09,0.360491
2000-11-10,0.340402
2000-11-13,0.345982
2000-11-14,0.361607
2000-11-15,0.354911
2000-11-16,0.339286
2000-11-17,0.330357
2000-11-20,0.33817
2000-11-21,0.335938
2000-11-22,0.330357
2000-11-24,0.344866
2000-11-27,0.333705
2000-11-28,0.321987
2000-11-29,0.313616
2000-11-30,0.294643
2000-12-01,0.304688
2000-12-04,0.297991
2000-12-05,0.303571
2000-12-06,0.25558
2000-12-07,0.25558
2000-12-08,0.268973
2000-12-11,0.271205
2000-12-12,0.274554
2000-12-13,0.267857
2000-12-14,0.257813
2000-12-15,0.251116
2000-12-18,0.254464
2000-12-19,0.25
2000-12-20,0.256696
2000-12-21,0.251116
2000-12-22,0.267857
2000-12-26,0.262277
2000-12-27,0.264509
2000-12-28,0.264509
2000-12-29,0.265625
2001-01-02,0.265625
2001-01-03,0.292411
2001-01-04,0.304688
2001-01-05,0.292411
2001-01-08,0.295759
2001-01-09,0.30692
2001-01-10,0.295759
2001-01-11,0.321429
2001-01-12,0.30692
2001-01-16,0.305804
2001-01-17,0.300223
2001-01-18,0.333705
2001-01-19,0.348214
2001-01-22,0.34375
2001-01-23,0.366071
2001-01-24,0.366071
2001-01-25,0.356027
2001-01-26,0.34933
2001-01-29,0.387277
2001-01-30,0.388393
2001-01-31,0.386161
2001-02-01,0.377232
2001-02-02,0.368304
2001-02-05,0.360491
2001-02-06,0.377232
2001-02-07,0.370536
2001-02-08,0.370536
2001-02-09,0.341518
2001-02-12,0.351563
2001-02-13,0.341518
2001-02-14,0.348214
2001-02-15,0.358259
2001-02-16,0.339286
2001-02-20,0.327009
2001-02-21,0.337054
2001-02-22,0.335938
2001-02-23,0.335938
2001-02-26,0.348214
2001-02-27,0.345982
2001-02-28,0.325893
2001-03-01,0.334821
2001-03-02,0.34375
2001-03-05,0.363839
2001-03-06,0.383929
2001-03-07,0.379464
2001-03-08,0.371652
2001-03-09,0.361607
2001-03-12,0.332589
2001-03-13,0.34933
2001-03-14,0.364955
2001-03-15,0.351563
2001-03-16,0.350446
2001-03-19,0.367188
2001-03-20,0.351563
2001-03-21,0.359375
2001-03-22,0.386161
2001-03-23,0.410714
2001-03-26,0.388929
2001-03-27,0.408393
2001-03-28,0.395893
2001-03-29,0.402321
2001-03-30,0.394107
2001-04-02,0.385536
2001-04-03,0.361429
2001-04-04,0.348214
2001-04-05,0.372679
2001-04-06,0.367679
2001-04-09,0.366786
2001-04-10,0.393571
2001-04-11,0.389286
2001-04-12,0.400357
2001-04-16,0.382857
2001-04-17,0.364286
2001-04-18,0.406964
2001-04-19,0.459286
2001-04-20,0.447143
2001-04-23,0.433036
2001-04-24,0.429107
2001-04-25,0.441429
2001-04-26,0.440893
2001-04-27,0.467857
2001-04-30,0.455179
2001-05-01,0.463036
2001-05-02,0.474821
2001-05-03,0.445714
2001-05-04,0.459821
2001-05-07,0.445714
2001-05-08,0.43875
2001-05-09,0.428214
2001-05-10,0.410714
2001-05-11,0.408036
2001-05-14,0.415893
2001-05-15,0.413929
2001-05-16,0.430357
2001-05-17,0.420536
2001-05-18,0.420179
2001-05-21,0.420714
2001-05-22,0.419643
2001-05-23,0.414821
2001-05-24,0.414286
2001-05-25,0.406429
2001-05-29,0.383393
2001-05-30,0.353214
2001-05-31,0.35625
2001-06-01,0.373036
2001-06-04,0.368929
2001-06-05,0.373929
2001-06-06,0.370179
2001-06-07,0.386786
2001-06-08,0.380714
2001-06-11,0.357857
2001-06-12,0.362679
2001-06-13,0.365536
2001-06-14,0.355
2001-06-15,0.365
2001-06-18,0.363036
2001-06-19,0.360536
2001-06-20,0.386964
2001-06-21,0.401607
2001-06-22,0.3975
2001-06-25,0.428393
2001-06-26,0.424107
2001-06-27,0.416786
2001-06-28,0.420357
2001-06-29,0.415179
2001-07-02,0.426786
2001-07-03,0.425714
2001-07-05,0.414107
2001-07-06,0.393393
2001-07-09,0.405357
2001-07-10,0.3775
2001-07-11,0.4025
2001-07-12,0.435
2001-07-13,0.44375
2001-07-16,0.427857
2001-07-17,0.448214
2001-07-18,0.37125
2001-07-19,0.356429
2001-07-20,0.356786
2001-07-23,0.348929
2001-07-24,0.340893
2001-07-25,0.329821
2001-07-26,0.331964
2001-07-27,0.338571
2001-07-30,0.338036
2001-07-31,0.335536
2001-08-01,0.340357
2001-08-02,0.353929
2001-08-03,0.348214
2001-08-06,0.341607
2001-08-07,0.34375
2001-08-08,0.3375
2001-08-09,0.340179
2001-08-10,0.339643
2001-08-13,0.340893
2001-08-14,0.334464
2001-08-15,0.329286
2001-08-16,0.333036
2001-08-17,0.322679
2001-08-20,0.323571
2001-08-21,0.32
2001-08-22,0.325179
2001-08-23,0.318036
2001-08-24,0.331607
2001-08-27,0.337857
2001-08-28,0.328571
2001-08-29,0.318393
2001-08-30,0.318393
2001-08-31,0.33125
2001-09-04,0.325893
2001-09-05,0.33125
2001-09-06,0.316429
2001-09-07,0.308571
2001-09-10,0.310179
2001-09-17,0.303393
2001-09-18,0.290714
2001-09-19,0.303929
2001-09-20,0.28
2001-09-21,0.280893
2001-09-24,0.29375
2001-09-25,0.2775
2001-09-26,0.270536
2001-09-27,0.276964
2001-09-28,0.276964
2001-10-01,0.2775
2001-10-02,0.26875
2001-10-03,0.2675
2001-10-04,0.283571
2001-10-05,0.288214
2001-10-08,0.289286
2001-10-09,0.285714
2001-10-10,0.300357
2001-10-11,0.316786
2001-10-12,0.321607
2001-10-15,0.32125
2001-10-16,0.321607
2001-10-17,0.303393
2001-10-18,0.321429
2001-10-19,0.326786
2001-10-22,0.339643
2001-10-23,0.323929
2001-10-24,0.338393
2001-10-25,0.342679
2001-10-26,0.333393
2001-10-29,0.314821
2001-10-30,0.314286
2001-10-31,0.313571
2001-11-01,0.331964
2001-11-02,0.331607
2001-11-05,0.340536
2001-11-06,0.349464
2001-11-07,0.349821
2001-11-08,0.334107
2001-11-09,0.334107
2001-11-12,0.334821
2001-11-13,0.345893
2001-11-14,0.350179
2001-11-15,0.347321
2001-11-16,0.33875
2001-11-19,0.357143
2001-11-20,0.34875
2001-11-21,0.351429
2001-11-23,0.354286
2001-11-26,0.381607
2001-11-27,0.375
2001-11-28,0.366607
2001-11-29,0.364643
2001-11-30,0.380357
2001-12-03,0.375893
2001-12-04,0.4
2001-12-05,0.424286
2001-12-06,0.406786
2001-12-07,0.4025
2001-12-10,0.4025
2001-12-11,0.388929
2001-12-12,0.38375
2001-12-13,0.375
2001-12-14,0.364107
2001-12-17,0.368214
2001-12-18,0.375179
2001-12-19,0.386071
2001-12-20,0.369107
2001-12-21,0.375
2001-12-24,0.381429
2001-12-26,0.38375
2001-12-27,0.394107
2001-12-28,0.400536
2001-12-31,0.391071
2002-01-02,0.416071
2002-01-03,0.421071
2002-01-04,0.423036
2002-01-07,0.408929
2002-01-08,0.40375
2002-01-09,0.386607
2002-01-10,0.379107
2002-01-11,0.375893
2002-01-14,0.377679
2002-01-15,0.3875
2002-01-16,0.371071
2002-01-17,0.401429
2002-01-18,0.395893
2002-01-22,0.389643
2002-01-23,0.411071
2002-01-24,0.414464
2002-01-25,0.415179
2002-01-28,0.415536
2002-01-29,0.411964
2002-01-30,0.430179
2002-01-31,0.441429
2002-02-01,0.435893
2002-02-04,0.452679
2002-02-05,0.454464
2002-02-06,0.440536
2002-02-07,0.433929
2002-02-08,0.429107
2002-02-11,0.446071
2002-02-12,0.44125
2002-02-13,0.446607
2002-02-14,0.439286
2002-02-15,0.426786
2002-02-19,0.403929
2002-02-20,0.413036
2002-02-21,0.383929
2002-02-22,0.406071
2002-02-25,0.425179
2002-02-26,0.422679
2002-02-27,0.392143
2002-02-28,0.3875
2002-03-01,0.41875
2002-03-04,0.43375
2002-03-05,0.420179
2002-03-06,0.429821
2002-03-07,0.435357
2002-03-08,0.440357
2002-03-11,0.4475
2002-03-12,0.441429
2002-03-13,0.437321
2002-03-14,0.43625
2002-03-15,0.445536
2002-03-18,0.441786
2002-03-19,0.44375
2002-03-20,0.445
2002-03-21,0.433393
2002-03-22,0.430179
2002-03-25,0.416964
2002-03-26,0.418929
2002-03-27,0.419107
2002-03-28,0.422679
2002-04-01,0.436786
2002-04-02,0.429821
2002-04-03,0.424107
2002-04-04,0.444643
2002-04-05,0.441786
2002-04-08,0.438571
2002-04-09,0.430357
2002-04-10,0.440357
2002-04-11,0.443929
2002-04-12,0.4475
2002-04-15,0.446429
2002-04-16,0.459643
2002-04-17,0.46625
2002-04-18,0.45375
2002-04-19,0.446071
2002-04-22,0.438036
2002-04-23,0.433036
2002-04-24,0.424464
2002-04-25,0.430714
2002-04-26,0.410893
2002-04-29,0.427857
2002-04-30,0.433393
2002-05-01,0.428214
2002-05-02,0.423036
2002-05-03,0.419821
2002-05-06,0.404464
2002-05-07,0.40125
2002-05-08,0.435179
2002-05-09,0.431964
2002-05-10,0.416429
2002-05-13,0.4275
2002-05-14,0.457321
2002-05-15,0.451429
2002-05-16,0.450179
2002-05-17,0.446607
2002-05-20,0.441786
2002-05-21,0.418929
2002-05-22,0.434286
2002-05-23,0.449643
2002-05-24,0.43125
2002-05-28,0.428214
2002-05-29,0.428214
2002-05-30,0.432143
2002-05-31,0.416071
2002-06-03,0.409107
2002-06-04,0.406786
2002-06-05,0.405714
2002-06-06,0.395714
2002-06-07,0.382143
2002-06-10,0.383571
2002-06-11,0.365357
2002-06-12,0.35875
2002-06-13,0.348929
2002-06-14,0.358929
2002-06-17,0.366786
2002-06-18,0.359821
2002-06-19,0.305714
2002-06-20,0.305536
2002-06-21,0.300893
2002-06-24,0.308393
2002-06-25,0.306071
2002-06-26,0.295536
2002-06-27,0.304643
2002-06-28,0.316429
2002-07-01,0.304643
2002-07-02,0.3025
2002-07-03,0.313393
2002-07-05,0.334643
2002-07-08,0.321607
2002-07-09,0.313036
2002-07-10,0.309286
2002-07-11,0.326786
2002-07-12,0.312679
2002-07-15,0.325536
2002-07-16,0.318929
2002-07-17,0.279107
2002-07-18,0.267679
2002-07-19,0.267143
2002-07-22,0.266429
2002-07-23,0.258393
2002-07-24,0.271429
2002-07-25,0.256429
2002-07-26,0.256071
2002-07-29,0.268214
2002-07-30,0.275536
2002-07-31,0.2725
2002-08-01,0.264286
2002-08-02,0.258036
2002-08-05,0.249821
2002-08-06,0.263214
2002-08-07,0.268393
2002-08-08,0.273214
2002-08-09,0.267857
2002-08-12,0.267679
2002-08-13,0.260536
2002-08-14,0.270893
2002-08-15,0.27875
2002-08-16,0.282321
2002-08-19,0.285357
2002-08-20,0.284107
2002-08-21,0.287857
2002-08-22,0.285179
2002-08-23,0.280893
2002-08-26,0.277321
2002-08-27,0.265179
2002-08-28,0.2625
2002-08-29,0.2625
2002-08-30,0.263393
2002-09-03,0.250893
2002-09-04,0.258571
2002-09-05,0.253214
2002-09-06,0.256786
2002-09-09,0.256607
2002-09-10,0.255893
2002-09-11,0.255179
2002-09-12,0.2525
2002-09-13,0.253036
2002-09-16,0.258929
2002-09-17,0.264286
2002-09-18,0.268214
2002-09-19,0.260357
2002-09-20,0.265536
2002-09-23,0.265179
2002-09-24,0.261429
2002-09-25,0.266607
2002-09-26,0.2625
2002-09-27,0.262857
2002-09-30,0.258929
2002-10-01,0.259107
2002-10-02,0.253036
2002-10-03,0.255357
2002-10-04,0.250536
2002-10-07,0.245893
2002-10-08,0.244286
2002-10-09,0.242679
2002-10-10,0.251964
2002-10-11,0.259107
2002-10-14,0.26375
2002-10-15,0.270714
2002-10-16,0.26
2002-10-17,0.251964
2002-10-18,0.256071
2002-10-21,0.26
2002-10-22,0.2625
2002-10-23,0.265714
2002-10-24,0.262321
2002-10-25,0.275357
2002-10-28,0.27875
2002-10-29,0.275714
2002-10-30,0.285357
2002-10-31,0.286964
2002-11-01,0.292143
2002-11-04,0.301607
2002-11-05,0.301786
2002-11-06,0.3075
2002-11-07,0.285714
2002-11-08,0.282857
2002-11-11,0.270714
2002-11-12,0.279286
2002-11-13,0.278393
2002-11-14,0.291071
2002-11-15,0.284821
2002-11-18,0.279464
2002-11-19,0.272679
2002-11-20,0.277321
2002-11-21,0.291964
2002-11-22,0.285893
2002-11-25,0.285179
2002-11-26,0.275179
2002-11-27,0.280714
2002-11-29,0.276786
2002-12-02,0.271071
2002-12-03,0.270714
2002-12-04,0.267321
2002-12-05,0.26125
2002-12-06,0.266964
2002-12-09,0.263393
2002-12-10,0.272857
2002-12-11,0.276607
2002-12-12,0.27125
2002-12-13,0.264107
2002-12-16,0.265179
2002-12-17,0.269286
2002-12-18,0.260179
2002-12-19,0.253571
2002-12-20,0.2525
2002-12-23,0.25875
2002-12-24,0.256429
2002-12-26,0.257143
2002-12-27,0.251071
2002-12-30,0.25125
2002-12-31,0.255893
2003-01-02,0.264286
2003-01-03,0.266071
2003-01-06,0.266071
2003-01-07,0.265179
2003-01-08,0.259821
2003-01-09,0.262143
2003-01-10,0.262857
2003-01-13,0.26125
2003-01-14,0.260893
2003-01-15,0.257679
2003-01-16,0.261071
2003-01-17,0.251786
2003-01-21,0.250357
2003-01-22,0.247857
2003-01-23,0.253036
2003-01-24,0.246429
2003-01-27,0.252321
2003-01-28,0.260357
2003-01-29,0.266607
2003-01-30,0.255714
2003-01-31,0.256429
2003-02-03,0.261786
2003-02-04,0.260714
2003-02-05,0.258036
2003-02-06,0.257679
2003-02-07,0.252679
2003-02-10,0.25625
2003-02-11,0.25625
2003-02-12,0.256964
2003-02-13,0.259643
2003-02-14,0.261964
2003-02-18,0.272679
2003-02-19,0.265179
2003-02-20,0.26375
2003-02-21,0.267857
2003-02-24,0.263214
2003-02-25,0.268214
2003-02-26,0.258929
2003-02-27,0.265357
2003-02-28,0.268036
2003-03-03,0.261607
2003-03-04,0.26
2003-03-05,0.261071
2003-03-06,0.26
2003-03-07,0.259464
2003-03-10,0.256607
2003-03-11,0.254107
2003-03-12,0.253929
2003-03-13,0.262857
2003-03-14,0.263929
2003-03-17,0.268036
2003-03-18,0.267857
2003-03-19,0.266964
2003-03-20,0.26625
2003-03-21,0.267857
2003-03-24,0.256607
2003-03-25,0.259821
2003-03-26,0.257321
2003-03-27,0.25875
2003-03-28,0.260179
2003-03-31,0.2525
2003-04-01,0.252857
2003-04-02,0.260714
2003-04-03,0.258214
2003-04-04,0.257321
2003-04-07,0.25875
2003-04-08,0.258036
2003-04-09,0.253393
2003-04-10,0.256607
2003-04-11,0.235714
2003-04-14,0.2425
2003-04-15,0.239107
2003-04-16,0.236429
2003-04-17,0.234286
2003-04-21,0.234643
2003-04-22,0.24125
2003-04-23,0.2425
2003-04-24,0.24
2003-04-25,0.238393
2003-04-28,0.2475
2003-04-29,0.251071
2003-04-30,0.253929
2003-05-01,0.256429
2003-05-02,0.258036
2003-05-05,0.287321
2003-05-06,0.3125
2003-05-07,0.315179
2003-05-08,0.321429
2003-05-09,0.326786
2003-05-12,0.331429
2003-05-13,0.333393
2003-05-14,0.33125
2003-05-15,0.334464
2003-05-16,0.335714
2003-05-19,0.323214
2003-05-20,0.317679
2003-05-21,0.31875
2003-05-22,0.325714
2003-05-23,0.327143
2003-05-27,0.337143
2003-05-28,0.326429
2003-05-29,0.323214
2003-05-30,0.320536
2003-06-02,0.311607
2003-06-03,0.309107
2003-06-04,0.314286
2003-06-05,0.315
2003-06-06,0.30625
2003-06-09,0.299821
2003-06-10,0.306786
2003-06-11,0.311607
2003-06-12,0.317321
2003-06-13,0.311071
2003-06-16,0.32625
2003-06-17,0.324821
2003-06-18,0.341429
2003-06-19,0.341786
2003-06-20,0.342857
2003-06-23,0.340357
2003-06-24,0.335357
2003-06-25,0.340893
2003-06-26,0.344464
2003-06-27,0.334464
2003-06-30,0.340357
2003-07-01,0.340893
2003-07-02,0.344107
2003-07-03,0.341607
2003-07-07,0.354821
2003-07-08,0.364286
2003-07-09,0.355179
2003-07-10,0.349643
2003-07-11,0.354464
2003-07-14,0.355357
2003-07-15,0.350179
2003-07-16,0.354821
2003-07-17,0.373214
2003-07-18,0.3725
2003-07-21,0.368036
2003-07-22,0.371429
2003-07-23,0.37125
2003-07-24,0.36625
2003-07-25,0.384643
2003-07-28,0.374821
2003-07-29,0.37
2003-07-30,0.362143
2003-07-31,0.376429
2003-08-01,0.370179
2003-08-04,0.37875
2003-08-05,0.363929
2003-08-06,0.350536
2003-08-07,0.355893
2003-08-08,0.350714
2003-08-11,0.351071
2003-08-12,0.351786
2003-08-13,0.360357
2003-08-14,0.356607
2003-08-15,0.351964
2003-08-18,0.363214
2003-08-19,0.362857
2003-08-20,0.375179
2003-08-21,0.387143
2003-08-22,0.372857
2003-08-25,0.3725
2003-08-26,0.375893
2003-08-27,0.383571
2003-08-28,0.39625
2003-08-29,0.40375
2003-09-02,0.408036
2003-09-03,0.409821
2003-09-04,0.407679
2003-09-05,0.401786
2003-09-08,0.406071
2003-09-09,0.399464
2003-09-10,0.396071
2003-09-11,0.402857
2003-09-12,0.4125
2003-09-15,0.396607
2003-09-16,0.399286
2003-09-17,0.395
2003-09-18,0.408571
2003-09-19,0.403214
2003-09-22,0.394286
2003-09-23,0.400536
2003-09-24,0.380714
2003-09-25,0.364821
2003-09-26,0.369464
2003-09-29,0.380357
2003-09-30,0.37
2003-10-01,0.37125
2003-10-02,0.367321
2003-10-03,0.387321
2003-10-06,0.398036
2003-10-07,0.414643
2003-10-08,0.411786
2003-10-09,0.41875
2003-10-10,0.422857
2003-10-13,0.434821
2003-10-14,0.438393
2003-10-15,0.443214
2003-10-16,0.415179
2003-10-17,0.40625
2003-10-20,0.414643
2003-10-21,0.413929
2003-10-22,0.406429
2003-10-23,0.410536
2003-10-24,0.403571
2003-10-27,0.403571
2003-10-28,0.423571
2003-10-29,0.423036
2003-10-30,0.412321
2003-10-31,0.40875
2003-11-03,0.413393
2003-11-04,0.409107
2003-11-05,0.41125
2003-11-06,0.412857
2003-11-07,0.401786
2003-11-10,0.391071
2003-11-11,0.384643
2003-11-12,0.39875
2003-11-13,0.400357
2003-11-14,0.383214
2003-11-17,0.377321
2003-11-18,0.364464
2003-11-19,0.364643
2003-11-20,0.363929
2003-11-21,0.362143
2003-11-24,0.377679
2003-11-25,0.369286
2003-11-26,0.37
2003-11-28,0.373393
2003-12-01,0.387679
2003-12-02,0.384643
2003-12-03,0.375536
2003-12-04,0.377679
2003-12-05,0.372321
2003-12-08,0.375893
2003-12-09,0.365179
2003-12-10,0.363929
2003-12-11,0.37875
2003-12-12,0.373036
2003-12-15,0.360179
2003-12-16,0.359286
2003-12-17,0.355
2003-12-18,0.357857
2003-12-19,0.351786
2003-12-22,0.354464
2003-12-23,0.35375
2003-12-24,0.364464
2003-12-26,0.371071
2003-12-29,0.377679
2003-12-30,0.38
2003-12-31,0.381607
2004-01-02,0.38
2004-01-05,0.395893
2004-01-06,0.394464
2004-01-07,0.403393
2004-01-08,0.417143
2004-01-09,0.410714
2004-01-12,0.42375
2004-01-13,0.430714
2004-01-14,0.432143
2004-01-15,0.408036
2004-01-16,0.405714
2004-01-20,0.405893
2004-01-21,0.40375
2004-01-22,0.396071
2004-01-23,0.402857
2004-01-26,0.410893
2004-01-27,0.411964
2004-01-28,0.402143
2004-01-29,0.405
2004-01-30,0.402857
2004-02-02,0.398571
2004-02-03,0.3975
2004-02-04,0.389107
2004-02-05,0.400357
2004-02-06,0.405536
2004-02-09,0.404821
2004-02-10,0.410357
2004-02-11,0.425
2004-02-12,0.42375
2004-02-13,0.410714
2004-02-17,0.413571
2004-02-18,0.415357
2004-02-19,0.40125
2004-02-20,0.4
2004-02-23,0.39625
2004-02-24,0.399286
2004-02-25,0.407321
2004-02-26,0.411429
2004-02-27,0.427143
2004-03-01,0.428929
2004-03-02,0.425179
2004-03-03,0.427143
2004-03-04,0.449286
2004-03-05,0.4775
2004-03-08,0.464286
2004-03-09,0.483929
2004-03-10,0.494286
2004-03-11,0.484821
2004-03-12,0.492143
2004-03-15,0.472321
2004-03-16,0.461071
2004-03-17,0.467679
2004-03-18,0.458393
2004-03-19,0.461786
2004-03-22,0.461786
2004-03-23,0.451607
2004-03-24,0.455357
2004-03-25,0.479821
2004-03-26,0.482857
2004-03-29,0.498393
2004-03-30,0.498571
2004-03-31,0.482857
2004-04-01,0.484107
2004-04-02,0.491071
2004-04-05,0.505714
2004-04-06,0.496964
2004-04-07,0.487679
2004-04-08,0.491607
2004-04-12,0.500714
2004-04-13,0.480893
2004-04-14,0.475714
2004-04-15,0.523214
2004-04-16,0.521071
2004-04-19,0.50625
2004-04-20,0.495179
2004-04-21,0.495179
2004-04-22,0.496071
2004-04-23,0.494643
2004-04-26,0.484464
2004-04-27,0.481071
2004-04-28,0.472321
2004-04-29,0.478036
2004-04-30,0.460357
2004-05-03,0.465536
2004-05-04,0.466786
2004-05-05,0.475893
2004-05-06,0.474643
2004-05-07,0.47625
2004-05-10,0.469286
2004-05-11,0.484643
2004-05-12,0.4875
2004-05-13,0.485536
2004-05-14,0.483214
2004-05-17,0.475714
2004-05-18,0.483214
2004-05-19,0.472679
2004-05-20,0.476964
2004-05-21,0.484107
2004-05-24,0.488214
2004-05-25,0.507321
2004-05-26,0.509107
2004-05-27,0.503036
2004-05-28,0.501071
2004-06-01,0.501071
2004-06-02,0.516429
2004-06-03,0.507143
2004-06-04,0.513929
2004-06-07,0.532321
2004-06-08,0.541964
2004-06-09,0.539286
2004-06-10,0.548929
2004-06-14,0.537857
2004-06-15,0.548036
2004-06-16,0.584643
2004-06-17,0.585893
2004-06-18,0.587679
2004-06-21,0.577321
2004-06-22,0.589286
2004-06-23,0.601786
2004-06-24,0.5925
2004-06-25,0.601786
2004-06-28,0.580179
2004-06-29,0.580357
2004-06-30,0.581071
2004-07-01,0.576786
2004-07-02,0.555
2004-07-06,0.552679
2004-07-07,0.542679
2004-07-08,0.538214
2004-07-09,0.53625
2004-07-12,0.520357
2004-07-13,0.521786
2004-07-14,0.528214
2004-07-15,0.588036
2004-07-16,0.575
2004-07-19,0.570893
2004-07-20,0.575
2004-07-21,0.564643
2004-07-22,0.565714
2004-07-23,0.548214
2004-07-26,0.558214
2004-07-27,0.579107
2004-07-28,0.57625
2004-07-29,0.582857
2004-07-30,0.5775
2004-08-02,0.563929
2004-08-03,0.55875
2004-08-04,0.567679
2004-08-05,0.560536
2004-08-06,0.531786
2004-08-09,0.541071
2004-08-10,0.562857
2004-08-11,0.55375
2004-08-12,0.542321
2004-08-13,0.550714
2004-08-16,0.549643
2004-08-17,0.55125
2004-08-18,0.566786
2004-08-19,0.548393
2004-08-20,0.55
2004-08-23,0.555
2004-08-24,0.570536
2004-08-25,0.590179
2004-08-26,0.618929
2004-08-27,0.613393
2004-08-30,0.609286
2004-08-31,0.615893
2004-09-01,0.640357
2004-09-02,0.636786
2004-09-03,0.629107
2004-09-07,0.638571
2004-09-08,0.649107
2004-09-09,0.6375
2004-09-10,0.640536
2004-09-13,0.635536
2004-09-14,0.63375
2004-09-15,0.628571
2004-09-16,0.649107
2004-09-17,0.663214
2004-09-20,0.673393
2004-09-21,0.67875
2004-09-22,0.659286
2004-09-23,0.665536
2004-09-24,0.665893
2004-09-27,0.670179
2004-09-28,0.679286
2004-09-29,0.690714
2004-09-30,0.691964
2004-10-01,0.690536
2004-10-04,0.692679
2004-10-05,0.703036
2004-10-06,0.725714
2004-10-07,0.7075
2004-10-08,0.6975
2004-10-11,0.689107
2004-10-12,0.68375
2004-10-13,0.709821
2004-10-14,0.803214
2004-10-15,0.8125
2004-10-18,0.852679
2004-10-19,0.846786
2004-10-20,0.847679
2004-10-21,0.856071
2004-10-22,0.846607
2004-10-25,0.849107
2004-10-26,0.856607
2004-10-27,0.898214
2004-10-28,0.931964
2004-10-29,0.935714
2004-11-01,0.936607
2004-11-02,0.955357
2004-11-03,0.987679
2004-11-04,0.972321
2004-11-05,0.977143
2004-11-08,0.971071
2004-11-09,0.965179
2004-11-10,0.977679
2004-11-11,0.9875
2004-11-12,0.991071
2004-11-15,0.986429
2004-11-16,0.981071
2004-11-17,0.980357
2004-11-18,0.989107
2004-11-19,0.985179
2004-11-22,1.095536
2004-11-23,1.094107
2004-11-24,1.14375
2004-11-26,1.152679
2004-11-29,1.222143
2004-11-30,1.197321
2004-12-01,1.210536
2004-12-02,1.164464
2004-12-03,1.119286
2004-12-06,1.174643
2004-12-07,1.123036
2004-12-08,1.13
2004-12-09,1.142679
2004-12-10,1.163393
2004-12-13,1.159107
2004-12-14,1.165893
2004-12-15,1.165357
2004-12-16,1.189286
2004-12-17,1.160536
2004-12-20,1.12
2004-12-21,1.137321
2004-12-22,1.138393
2004-12-23,1.143036
2004-12-27,1.127857
2004-12-28,1.146071
2004-12-29,1.150714
2004-12-30,1.157143
2004-12-31,1.15
2005-01-03,1.130179
2005-01-04,1.141786
2005-01-05,1.151786
2005-01-06,1.152679
2005-01-07,1.236607
2005-01-10,1.231429
2005-01-11,1.152857
2005-01-12,1.168929
2005-01-13,1.246429
2005-01-14,1.253571
2005-01-18,1.261607
2005-01-19,1.247857
2005-01-20,1.258214
2005-01-21,1.25875
2005-01-24,1.263571
2005-01-25,1.286607
2005-01-26,1.290179
2005-01-27,1.297143
2005-01-28,1.321071
2005-01-31,1.373214
2005-02-01,1.384464
2005-02-02,1.421964
2005-02-03,1.389464
2005-02-04,1.407857
2005-02-07,1.409643
2005-02-08,1.444643
2005-02-09,1.406071
2005-02-10,1.399286
2005-02-11,1.450179
2005-02-14,1.51125
2005-02-15,1.57875
2005-02-16,1.609464
2005-02-17,1.568036
2005-02-18,1.550179
2005-02-22,1.523036
2005-02-23,1.575536
2005-02-24,1.588036
2005-02-25,1.589107
2005-02-28,1.602143
2005-03-01,1.589286
2005-03-02,1.575714
2005-03-03,1.4925
2005-03-04,1.528929
2005-03-07,1.526786
2005-03-08,1.4475
2005-03-09,1.405357
2005-03-10,1.4225
2005-03-11,1.438214
2005-03-14,1.44
2005-03-15,1.462857
2005-03-16,1.470714
2005-03-17,1.508929
2005-03-18,1.534286
2005-03-21,1.560714
2005-03-22,1.529643
2005-03-23,1.519643
2005-03-24,1.517857
2005-03-28,1.518929
2005-03-29,1.491071
2005-03-30,1.528571
2005-03-31,1.488214
2005-04-01,1.460357
2005-04-04,1.4675
2005-04-05,1.496071
2005-04-06,1.511786
2005-04-07,1.555714
2005-04-08,1.562143
2005-04-11,1.497143
2005-04-12,1.523571
2005-04-13,1.465714
2005-04-14,1.330714
2005-04-15,1.2625
2005-04-18,1.272143
2005-04-19,1.324643
2005-04-20,1.268214
2005-04-21,1.327857
2005-04-22,1.267857
2005-04-25,1.320714
2005-04-26,1.2925
2005-04-27,1.283929
2005-04-28,1.269286
2005-04-29,1.287857
2005-05-02,1.301071
2005-05-03,1.293214
2005-05-04,1.326786
2005-05-05,1.31
2005-05-06,1.33
2005-05-09,1.320357
2005-05-10,1.300714
2005-05-11,1.271786
2005-05-12,1.218929
2005-05-13,1.241786
2005-05-16,1.269643
2005-05-17,1.262857
2005-05-18,1.28
2005-05-19,1.341071
2005-05-20,1.341071
2005-05-23,1.42
2005-05-24,1.417857
2005-05-25,1.420714
2005-05-26,1.455
2005-05-27,1.448571
2005-05-31,1.42
2005-06-01,1.439286
2005-06-02,1.43
2005-06-03,1.365714
2005-06-06,1.354286
2005-06-07,1.305
2005-06-08,1.318571
2005-06-09,1.344643
2005-06-10,1.278929
2005-06-13,1.282143
2005-06-14,1.285714
2005-06-15,1.326071
2005-06-16,1.356429
2005-06-17,1.368214
2005-06-20,1.343214
2005-06-21,1.352143
2005-06-22,1.376786
2005-06-23,1.388929
2005-06-24,1.348571
2005-06-27,1.325
2005-06-28,1.3325
2005-06-29,1.298929
2005-06-30,1.314643
2005-07-01,1.303571
2005-07-05,1.356429
2005-07-06,1.335357
2005-07-07,1.343929
2005-07-08,1.366071
2005-07-11,1.360714
2005-07-12,1.365714
2005-07-13,1.369643
2005-07-14,1.455357
2005-07-15,1.483929
2005-07-18,1.481786
2005-07-19,1.5425
2005-07-20,1.558214
2005-07-21,1.546071
2005-07-22,1.571429
2005-07-25,1.564643
2005-07-26,1.558214
2005-07-27,1.571071
2005-07-28,1.564286
2005-07-29,1.523214
2005-08-01,1.526786
2005-08-02,1.5425
2005-08-03,1.543571
2005-08-04,1.525357
2005-08-05,1.535357
2005-08-08,1.523214
2005-08-09,1.565
2005-08-10,1.549286
2005-08-11,1.571429
2005-08-12,1.646429
2005-08-15,1.702857
2005-08-16,1.651786
2005-08-17,1.683929
2005-08-18,1.653571
2005-08-19,1.636786
2005-08-22,1.638214
2005-08-23,1.633571
2005-08-24,1.634643
2005-08-25,1.645
2005-08-26,1.633571
2005-08-29,1.637143
2005-08-30,1.663214
2005-08-31,1.674643
2005-09-01,1.652143
2005-09-02,1.650714
2005-09-06,1.742857
2005-09-07,1.738571
2005-09-08,1.777857
2005-09-09,1.8325
2005-09-12,1.835714
2005-09-13,1.815
2005-09-14,1.771786
2005-09-15,1.781071
2005-09-16,1.828929
2005-09-19,1.88
2005-09-20,1.899643
2005-09-21,1.861071
2005-09-22,1.853571
2005-09-23,1.9
2005-09-26,1.922857
2005-09-27,1.908571
2005-09-28,1.824286
2005-09-29,1.869286
2005-09-30,1.914643
2005-10-03,1.944286
2005-10-04,1.919643
2005-10-05,1.885
2005-10-06,1.846429
2005-10-07,1.832143
2005-10-10,1.798929
2005-10-11,1.8425
2005-10-12,1.758929
2005-10-13,1.919286
2005-10-14,1.928571
2005-10-17,1.908571
2005-10-18,1.864643
2005-10-19,1.962143
2005-10-20,2.005
2005-10-21,1.987857
2005-10-24,2.028214
2005-10-25,2.003571
2005-10-26,2.036786
2005-10-27,1.978929
2005-10-28,1.945357
2005-10-31,2.056786
2005-11-01,2.053571
2005-11-02,2.141071
2005-11-03,2.208929
2005-11-04,2.183929
2005-11-07,2.151071
2005-11-08,2.139286
2005-11-09,2.146786
2005-11-10,2.185
2005-11-11,2.197857
2005-11-14,2.194643
2005-11-15,2.224286
2005-11-16,2.319643
2005-11-17,2.304286
2005-11-18,2.305714
2005-11-21,2.32
2005-11-22,2.375714
2005-11-23,2.396786
2005-11-25,2.476429
2005-11-28,2.487857
2005-11-29,2.432143
2005-11-30,2.422143
2005-12-01,2.557143
2005-12-02,2.593929
2005-12-05,2.565
2005-12-06,2.644643
2005-12-07,2.641071
2005-12-08,2.645714
2005-12-09,2.654643
2005-12-12,2.675357
2005-12-13,2.677857
2005-12-14,2.571786
2005-12-15,2.577857
2005-12-16,2.539643
2005-12-19,2.549286
2005-12-20,2.575357
2005-12-21,2.625
2005-12-22,2.643571
2005-12-23,2.619643
2005-12-27,2.651071
2005-12-28,2.6275
2005-12-29,2.551786
2005-12-30,2.5675
2006-01-03,2.669643
2006-01-04,2.6775
2006-01-05,2.656429
2006-01-06,2.725
2006-01-09,2.716071
2006-01-10,2.887857
2006-01-11,2.996429
2006-01-12,3.010357
2006-01-13,3.056786
2006-01-17,3.025357
2006-01-18,2.946071
2006-01-19,2.822857
2006-01-20,2.7175
2006-01-23,2.773929
2006-01-24,2.715714
2006-01-25,2.65
2006-01-26,2.583214
2006-01-27,2.5725
2006-01-30,2.678571
2006-01-31,2.696786
2006-02-01,2.693571
2006-02-02,2.575
2006-02-03,2.566071
2006-02-06,2.403571
2006-02-07,2.414286
2006-02-08,2.4575
2006-02-09,2.319643
2006-02-10,2.403929
2006-02-13,2.311071
2006-02-14,2.415714
2006-02-15,2.472143
2006-02-16,2.520357
2006-02-17,2.510357
2006-02-21,2.467143
2006-02-22,2.547143
2006-02-23,2.5625
2006-02-24,2.552143
2006-02-27,2.535357
2006-02-28,2.446071
2006-03-01,2.467857
2006-03-02,2.486071
2006-03-03,2.418571
2006-03-06,2.338571
2006-03-07,2.368214
2006-03-08,2.345
2006-03-09,2.283214
2006-03-10,2.256786
2006-03-13,2.345714
2006-03-14,2.404286
2006-03-15,2.365357
2006-03-16,2.296786
2006-03-17,2.309286
2006-03-20,2.285357
2006-03-21,2.2075
2006-03-22,2.2025
2006-03-23,2.148571
2006-03-24,2.141429
2006-03-27,2.125357
2006-03-28,2.096786
2006-03-29,2.226071
2006-03-30,2.241071
2006-03-31,2.24
2006-04-03,2.2375
2006-04-04,2.184643
2006-04-05,2.400357
2006-04-06,2.544286
2006-04-07,2.4925
2006-04-10,2.4525
2006-04-11,2.428214
2006-04-12,2.3825
2006-04-13,2.373929
2006-04-17,2.314643
2006-04-18,2.365
2006-04-19,2.344643
2006-04-20,2.415357
2006-04-21,2.394286
2006-04-24,2.348214
2006-04-25,2.363214
2006-04-26,2.433929
2006-04-27,2.477143
2006-04-28,2.513929
2006-05-01,2.485714
2006-05-02,2.557857
2006-05-03,2.540714
2006-05-04,2.540357
2006-05-05,2.5675
2006-05-08,2.5675
2006-05-09,2.536786
2006-05-10,2.521429
2006-05-11,2.433929
2006-05-12,2.417857
2006-05-15,2.421071
2006-05-16,2.320714
2006-05-17,2.330714
2006-05-18,2.256429
2006-05-19,2.303929
2006-05-22,2.263571
2006-05-23,2.255357
2006-05-24,2.262143
2006-05-25,2.2975
2006-05-26,2.269643
2006-05-30,2.186429
2006-05-31,2.134643
2006-06-01,2.220357
2006-06-02,2.202143
2006-06-05,2.142857
2006-06-06,2.132857
2006-06-07,2.091429
2006-06-08,2.17
2006-06-09,2.115714
2006-06-12,2.035714
2006-06-13,2.083214
2006-06-14,2.0575
2006-06-15,2.120714
2006-06-16,2.055714
2006-06-19,2.042857
2006-06-20,2.0525
2006-06-21,2.066429
2006-06-22,2.127857
2006-06-23,2.101071
2006-06-26,2.106786
2006-06-27,2.051071
2006-06-28,2.000714
2006-06-29,2.106071
2006-06-30,2.045357
2006-07-03,2.069643
2006-07-05,2.035714
2006-07-06,1.991786
2006-07-07,1.978571
2006-07-10,1.964286
2006-07-11,1.9875
2006-07-12,1.891429
2006-07-13,1.866071
2006-07-14,1.809643
2006-07-17,1.870357
2006-07-18,1.889286
2006-07-19,1.932143
2006-07-20,2.160714
2006-07-21,2.168571
2006-07-24,2.193571
2006-07-25,2.211786
2006-07-26,2.281071
2006-07-27,2.264286
2006-07-28,2.3425
2006-07-31,2.427143
2006-08-01,2.399286
2006-08-02,2.434286
2006-08-03,2.485357
2006-08-04,2.439286
2006-08-07,2.400357
2006-08-08,2.313571
2006-08-09,2.271071
2006-08-10,2.288214
2006-08-11,2.273214
2006-08-14,2.283571
2006-08-15,2.373214
2006-08-16,2.427857
2006-08-17,2.413929
2006-08-18,2.425357
2006-08-21,2.377143
2006-08-22,2.415
2006-08-23,2.403929
2006-08-24,2.421786
2006-08-25,2.455357
2006-08-28,2.392143
2006-08-29,2.374286
2006-08-30,2.391429
2006-08-31,2.423214
2006-09-01,2.442143
2006-09-05,2.552857
2006-09-06,2.501071
2006-09-07,2.6
2006-09-08,2.59
2006-09-11,2.589286
2006-09-12,2.593929
2006-09-13,2.65
2006-09-14,2.648929
2006-09-15,2.646429
2006-09-18,2.638929
2006-09-19,2.634643
2006-09-20,2.687857
2006-09-21,2.666071
2006-09-22,2.607143
2006-09-25,2.705357
2006-09-26,2.771786
2006-09-27,2.728929
2006-09-28,2.750357
2006-09-29,2.749286
2006-10-02,2.673571
2006-10-03,2.645714
2006-10-04,2.692143
2006-10-05,2.6725
2006-10-06,2.650714
2006-10-09,2.665357
2006-10-10,2.636071
2006-10-11,2.615357
2006-10-12,2.687857
2006-10-13,2.679286
2006-10-16,2.692857
2006-10-17,2.653214
2006-10-18,2.661786
2006-10-19,2.821071
2006-10-20,2.855357
2006-10-23,2.909286
2006-10-24,2.894643
2006-10-25,2.917143
2006-10-26,2.935357
2006-10-27,2.871786
2006-10-30,2.872143
2006-10-31,2.895714
2006-11-01,2.827143
2006-11-02,2.820714
2006-11-03,2.796071
2006-11-06,2.846786
2006-11-07,2.875357
2006-11-08,2.944643
2006-11-09,2.976429
2006-11-10,2.968571
2006-11-13,3.0125
2006-11-14,3.035714
2006-11-15,3.001786
2006-11-16,3.0575
2006-11-17,3.066071
2006-11-20,3.088214
2006-11-21,3.164286
2006-11-22,3.225357
2006-11-24,3.2725
2006-11-27,3.197857
2006-11-28,3.278929
2006-11-29,3.278571
2006-11-30,3.273571
2006-12-01,3.261429
2006-12-04,3.254286
2006-12-05,3.259643
2006-12-06,3.208214
2006-12-07,3.108571
2006-12-08,3.152143
2006-12-11,3.169643
2006-12-12,3.076429
2006-12-13,3.180357
2006-12-14,3.1625
2006-12-15,3.132857
2006-12-18,3.0525
2006-12-19,3.0825
2006-12-20,3.027143
2006-12-21,2.960714
2006-12-22,2.935714
2006-12-26,2.911071
2006-12-27,2.911429
2006-12-28,2.888214
2006-12-29,3.03
2007-01-03,2.992857
2007-01-04,3.059286
2007-01-05,3.0375
2007-01-08,3.0525
2007-01-09,3.306071
2007-01-10,3.464286
2007-01-11,3.421429
2007-01-12,3.379286
2007-01-16,3.467857
2007-01-17,3.391071
2007-01-18,3.181071
2007-01-19,3.160714
2007-01-22,3.099643
2007-01-23,3.060714
2007-01-24,3.096429
2007-01-25,3.080357
2007-01-26,3.049286
2007-01-29,3.069286
2007-01-30,3.055357
2007-01-31,3.061786
2007-02-01,3.026429
2007-02-02,3.026786
2007-02-05,2.997857
2007-02-06,3.005357
2007-02-07,3.076786
2007-02-08,3.077857
2007-02-09,2.973929
2007-02-12,3.031429
2007-02-13,3.025
2007-02-14,3.046429
2007-02-15,3.043214
2007-02-16,3.029643
2007-02-20,3.067857
2007-02-21,3.185714
2007-02-22,3.196786
2007-02-23,3.181071
2007-02-26,3.161071
2007-02-27,2.9975
2007-02-28,3.021786
2007-03-01,3.109286
2007-03-02,3.050357
2007-03-05,3.082857
2007-03-06,3.149643
2007-03-07,3.132857
2007-03-08,3.142857
2007-03-09,3.141786
2007-03-12,3.209643
2007-03-13,3.157143
2007-03-14,3.214286
2007-03-15,3.198929
2007-03-16,3.199643
2007-03-19,3.254643
2007-03-20,3.267143
2007-03-21,3.3525
2007-03-22,3.355714
2007-03-23,3.34
2007-03-26,3.423214
2007-03-27,3.409286
2007-03-28,3.33
2007-03-29,3.348214
2007-03-30,3.318214
2007-04-02,3.344643
2007-04-03,3.375
2007-04-04,3.366786
2007-04-05,3.381429
2007-04-09,3.344643
2007-04-10,3.366071
2007-04-11,3.306786
2007-04-12,3.2925
2007-04-13,3.222857
2007-04-16,3.265357
2007-04-17,3.226786
2007-04-18,3.228571
2007-04-19,3.223929
2007-04-20,3.248929
2007-04-23,3.339643
2007-04-24,3.33
2007-04-25,3.405357
2007-04-26,3.53
2007-04-27,3.568571
2007-04-30,3.564286
2007-05-01,3.5525
2007-05-02,3.585357
2007-05-03,3.585714
2007-05-04,3.600357
2007-05-07,3.711429
2007-05-08,3.752143
2007-05-09,3.817143
2007-05-10,3.833571
2007-05-11,3.883571
2007-05-14,3.905714
2007-05-15,3.84
2007-05-16,3.833571
2007-05-17,3.908571
2007-05-18,3.929286
2007-05-21,3.999286
2007-05-22,4.055
2007-05-23,4.031786
2007-05-24,3.953214
2007-05-25,4.057857
2007-05-29,4.083929
2007-05-30,4.241786
2007-05-31,4.328214
2007-06-01,4.228571
2007-06-04,4.333214
2007-06-05,4.381071
2007-06-06,4.415714
2007-06-07,4.431071
2007-06-08,4.446071
2007-06-11,4.2925
2007-06-12,4.299286
2007-06-13,4.196429
2007-06-14,4.241071
2007-06-15,4.303571
2007-06-18,4.4675
2007-06-19,4.416429
2007-06-20,4.341071
2007-06-21,4.425
2007-06-22,4.392857
2007-06-25,4.369286
2007-06-26,4.273214
2007-06-27,4.353214
2007-06-28,4.305714
2007-06-29,4.358571
2007-07-02,4.330714
2007-07-03,4.541786
2007-07-05,4.741071
2007-07-06,4.725
2007-07-09,4.654643
2007-07-10,4.726786
2007-07-11,4.728214
2007-07-12,4.788214
2007-07-13,4.918929
2007-07-16,4.932143
2007-07-17,4.961071
2007-07-18,4.932857
2007-07-19,5.0
2007-07-20,5.133929
2007-07-23,5.132143
2007-07-24,4.8175
2007-07-25,4.902143
2007-07-26,5.214286
2007-07-27,5.1375
2007-07-30,5.051071
2007-07-31,4.705714
2007-08-01,4.821429
2007-08-02,4.874643
2007-08-03,4.708929
2007-08-06,4.830357
2007-08-07,4.8225
2007-08-08,4.786071
2007-08-09,4.513929
2007-08-10,4.464286
2007-08-13,4.563929
2007-08-14,4.429643
2007-08-15,4.282143
2007-08-16,4.180357
2007-08-17,4.359286
2007-08-20,4.365
2007-08-21,4.556071
2007-08-22,4.7325
2007-08-23,4.681071
2007-08-24,4.832143
2007-08-27,4.723214
2007-08-28,4.529286
2007-08-29,4.788571
2007-08-30,4.866071
2007-08-31,4.945714
2007-09-04,5.148571
2007-09-05,4.884286
2007-09-06,4.821786
2007-09-07,4.706071
2007-09-10,4.8825
2007-09-11,4.838929
2007-09-12,4.8875
2007-09-13,4.9
2007-09-14,4.9575
2007-09-17,4.943214
2007-09-18,5.032857
2007-09-19,5.0275
2007-09-20,5.011071
2007-09-21,5.148214
2007-09-24,5.295714
2007-09-25,5.470714
2007-09-26,5.456071
2007-09-27,5.517857
2007-09-28,5.481071
2007-10-01,5.583571
2007-10-02,5.658929
2007-10-03,5.64
2007-10-04,5.58
2007-10-05,5.766071
2007-10-08,5.996786
2007-10-09,5.995
2007-10-10,5.956786
2007-10-11,5.793929
2007-10-12,5.973214
2007-10-15,5.963571
2007-10-16,6.056429
2007-10-17,6.169643
2007-10-18,6.196429
2007-10-19,6.086429
2007-10-22,6.227143
2007-10-23,6.648571
2007-10-24,6.640357
2007-10-25,6.527857
2007-10-26,6.596429
2007-10-29,6.610357
2007-10-30,6.678571
2007-10-31,6.783929
2007-11-01,6.694286
2007-11-02,6.709643
2007-11-05,6.649286
2007-11-06,6.849643
2007-11-07,6.653571
2007-11-08,6.266786
2007-11-09,5.906071
2007-11-12,5.491429
2007-11-13,6.07
2007-11-14,5.9325
2007-11-15,5.867857
2007-11-16,5.9425
2007-11-19,5.855357
2007-11-20,6.030357
2007-11-21,6.016429
2007-11-23,6.126429
2007-11-26,6.162143
2007-11-27,6.243214
2007-11-28,6.436429
2007-11-29,6.581786
2007-11-30,6.507857
2007-12-03,6.387857
2007-12-04,6.421786
2007-12-05,6.625
2007-12-06,6.783929
2007-12-07,6.939286
2007-12-10,6.936071
2007-12-11,6.733571
2007-12-12,6.816429
2007-12-13,6.851071
2007-12-14,6.799643
2007-12-17,6.585714
2007-12-18,6.535
2007-12-19,6.54
2007-12-20,6.686071
2007-12-21,6.925357
2007-12-24,7.1
2007-12-26,7.105357
2007-12-27,7.091786
2007-12-28,7.136786
2007-12-31,7.074286
2008-01-02,6.958571
2008-01-03,6.961786
2008-01-04,6.430357
2008-01-07,6.344286
2008-01-08,6.116071
2008-01-09,6.407143
2008-01-10,6.357857
2008-01-11,6.1675
2008-01-14,6.385
2008-01-15,6.037143
2008-01-16,5.701429
2008-01-17,5.746071
2008-01-18,5.762857
2008-01-22,5.558571
2008-01-23,4.966786
2008-01-24,4.842857
2008-01-25,4.643214
2008-01-28,4.643214
2008-01-29,4.697857
2008-01-30,4.720714
2008-01-31,4.834286
2008-02-01,4.776786
2008-02-04,4.701786
2008-02-05,4.62
2008-02-06,4.357143
2008-02-07,4.33
2008-02-08,4.481429
2008-02-11,4.623214
2008-02-12,4.459286
2008-02-13,4.621429
2008-02-14,4.552143
2008-02-15,4.451071
2008-02-19,4.363571
2008-02-20,4.422143
2008-02-21,4.340714
2008-02-22,4.266429
2008-02-25,4.276429
2008-02-26,4.255357
2008-02-27,4.391429
2008-02-28,4.639643
2008-02-29,4.465
2008-03-03,4.3475
2008-03-04,4.450714
2008-03-05,4.446071
2008-03-06,4.318929
2008-03-07,4.366071
2008-03-10,4.274643
2008-03-11,4.548214
2008-03-12,4.501071
2008-03-13,4.569286
2008-03-14,4.521786
2008-03-17,4.526071
2008-03-18,4.743571
2008-03-19,4.631071
2008-03-20,4.759643
2008-03-24,4.983214
2008-03-25,5.035
2008-03-26,5.180714
2008-03-27,5.008929
2008-03-28,5.1075
2008-03-31,5.125
2008-04-01,5.340357
2008-04-02,5.2675
2008-04-03,5.414643
2008-04-04,5.467143
2008-04-07,5.5675
2008-04-08,5.458571
2008-04-09,5.408571
2008-04-10,5.519643
2008-04-11,5.255
2008-04-14,5.277857
2008-04-15,5.299286
2008-04-16,5.489286
2008-04-17,5.5175
2008-04-18,5.751429
2008-04-21,6.005714
2008-04-22,5.721429
2008-04-23,5.8175
2008-04-24,6.033571
2008-04-25,6.061786
2008-04-28,6.151429
2008-04-29,6.251786
2008-04-30,6.2125
2008-05-01,6.428571
2008-05-02,6.462143
2008-05-05,6.5975
2008-05-06,6.666429
2008-05-07,6.521071
2008-05-08,6.609286
2008-05-09,6.551786
2008-05-12,6.72
2008-05-13,6.784286
2008-05-14,6.652143
2008-05-15,6.776071
2008-05-16,6.700714
2008-05-19,6.557143
2008-05-20,6.639286
2008-05-21,6.363929
2008-05-22,6.323214
2008-05-23,6.470357
2008-05-27,6.658214
2008-05-28,6.678929
2008-05-29,6.6675
2008-05-30,6.741071
2008-06-02,6.646429
2008-06-03,6.620357
2008-06-04,6.613929
2008-06-05,6.765357
2008-06-06,6.63
2008-06-09,6.486071
2008-06-10,6.63
2008-06-11,6.4575
2008-06-12,6.187857
2008-06-13,6.156071
2008-06-16,6.315714
2008-06-17,6.479643
2008-06-18,6.383929
2008-06-19,6.460714
2008-06-20,6.259643
2008-06-23,6.184286
2008-06-24,6.1875
2008-06-25,6.335357
2008-06-26,6.009286
2008-06-27,6.074643
2008-06-30,5.98
2008-07-01,6.238571
2008-07-02,6.006429
2008-07-03,6.075714
2008-07-07,6.255714
2008-07-08,6.4125
2008-07-09,6.223214
2008-07-10,6.308214
2008-07-11,6.163571
2008-07-14,6.21
2008-07-15,6.058571
2008-07-16,6.171786
2008-07-17,6.136071
2008-07-18,5.898214
2008-07-21,5.938929
2008-07-22,5.786429
2008-07-23,5.937857
2008-07-24,5.679643
2008-07-25,5.79
2008-07-28,5.514286
2008-07-29,5.61
2008-07-30,5.71
2008-07-31,5.676786
2008-08-01,5.595
2008-08-04,5.4725
2008-08-05,5.737143
2008-08-06,5.863929
2008-08-07,5.841786
2008-08-08,6.055357
2008-08-11,6.198571
2008-08-12,6.311786
2008-08-13,6.403571
2008-08-14,6.404286
2008-08-15,6.276429
2008-08-18,6.263929
2008-08-19,6.1975
2008-08-20,6.28
2008-08-21,6.224643
2008-08-22,6.313929
2008-08-25,6.1625
2008-08-26,6.201429
2008-08-27,6.238214
2008-08-28,6.205
2008-08-29,6.054643
2008-09-02,5.935357
2008-09-03,5.962857
2008-09-04,5.757857
2008-09-05,5.720714
2008-09-08,5.64
2008-09-09,5.417143
2008-09-10,5.414643
2008-09-11,5.451786
2008-09-12,5.319286
2008-09-15,5.012857
2008-09-16,4.995714
2008-09-17,4.565357
2008-09-18,4.788929
2008-09-19,5.0325
2008-09-22,4.680357
2008-09-23,4.53
2008-09-24,4.596786
2008-09-25,4.711786
2008-09-26,4.58
2008-09-29,3.759286
2008-09-30,4.059286
2008-10-01,3.897143
2008-10-02,3.575
2008-10-03,3.466786
2008-10-06,3.505
2008-10-07,3.184286
2008-10-08,3.206786
2008-10-09,3.169286
2008-10-10,3.457143
2008-10-13,3.937857
2008-10-14,3.717143
2008-10-15,3.498214
2008-10-16,3.638929
2008-10-17,3.478571
2008-10-20,3.515714
2008-10-21,3.2675
2008-10-22,3.459643
2008-10-23,3.508214
2008-10-24,3.442143
2008-10-27,3.288929
2008-10-28,3.568214
2008-10-29,3.733929
2008-10-30,3.965714
2008-10-31,3.8425
2008-11-03,3.82
2008-11-04,3.963929
2008-11-05,3.689286
2008-11-06,3.539286
2008-11-07,3.508571
2008-11-10,3.424286
2008-11-11,3.384643
2008-11-12,3.218571
2008-11-13,3.444286
2008-11-14,3.222857
2008-11-17,3.147857
2008-11-18,3.211071
2008-11-19,3.081786
2008-11-20,2.874643
2008-11-21,2.949286
2008-11-24,3.319643
2008-11-25,3.242857
2008-11-26,3.392857
2008-11-28,3.309643
2008-12-01,3.176071
2008-12-02,3.3025
2008-12-03,3.425
2008-12-04,3.264643
2008-12-05,3.357143
2008-12-08,3.561429
2008-12-09,3.573571
2008-12-10,3.5075
2008-12-11,3.392857
2008-12-12,3.509643
2008-12-15,3.383929
2008-12-16,3.408214
2008-12-17,3.184286
2008-12-18,3.193929
2008-12-19,3.214286
2008-12-22,3.062143
2008-12-23,3.085
2008-12-24,3.037143
2008-12-26,3.064643
2008-12-29,3.093214
2008-12-30,3.081786
2008-12-31,3.048214
2009-01-02,3.241071
2009-01-05,3.377857
2009-01-06,3.322143
2009-01-07,3.250357
2009-01-08,3.310714
2009-01-09,3.235
2009-01-12,3.166429
2009-01-13,3.1325
2009-01-14,3.0475
2009-01-15,2.977857
2009-01-16,2.940357
2009-01-20,2.792857
2009-01-21,2.958214
2009-01-22,3.155714
2009-01-23,3.155714
2009-01-26,3.201429
2009-01-27,3.240357
2009-01-28,3.364286
2009-01-29,3.321429
2009-01-30,3.218929
2009-02-02,3.268214
2009-02-03,3.320714
2009-02-04,3.341071
2009-02-05,3.445
2009-02-06,3.561429
2009-02-09,3.661071
2009-02-10,3.493929
2009-02-11,3.457857
2009-02-12,3.545357
2009-02-13,3.541429
2009-02-17,3.376071
2009-02-18,3.370357
2009-02-19,3.237143
2009-02-20,3.257143
2009-02-23,3.105357
2009-02-24,3.223214
2009-02-25,3.255714
2009-02-26,3.185357
2009-02-27,3.189643
2009-03-02,3.140714
2009-03-03,3.156071
2009-03-04,3.256071
2009-03-05,3.172857
2009-03-06,3.046429
2009-03-09,2.968214
2009-03-10,3.165357
2009-03-11,3.31
2009-03-12,3.441071
2009-03-13,3.426071
2009-03-16,3.407857
2009-03-17,3.559286
2009-03-18,3.625714
2009-03-19,3.629286
2009-03-20,3.628214
2009-03-23,3.845
2009-03-24,3.803571
2009-03-25,3.803214
2009-03-26,3.923929
2009-03-27,3.816071
2009-03-30,3.731786
2009-03-31,3.754286
2009-04-01,3.881786
2009-04-02,4.025357
2009-04-03,4.1425
2009-04-06,4.230357
2009-04-07,4.107143
2009-04-08,4.154286
2009-04-09,4.270357
2009-04-13,4.293571
2009-04-14,4.225357
2009-04-15,4.201429
2009-04-16,4.3375
2009-04-17,4.407857
2009-04-20,4.303571
2009-04-21,4.348571
2009-04-22,4.339643
2009-04-23,4.478571
2009-04-24,4.425
2009-04-27,4.454643
2009-04-28,4.425
2009-04-29,4.469286
2009-04-30,4.493929
2009-05-01,4.544286
2009-05-04,4.716786
2009-05-05,4.739643
2009-05-06,4.732143
2009-05-07,4.609286
2009-05-08,4.613929
2009-05-11,4.6275
2009-05-12,4.443571
2009-05-13,4.2675
2009-05-14,4.391071
2009-05-15,4.372143
2009-05-18,4.523214
2009-05-19,4.551786
2009-05-20,4.495357
2009-05-21,4.435
2009-05-22,4.375
2009-05-26,4.670714
2009-05-27,4.751786
2009-05-28,4.823929
2009-05-29,4.850357
2009-06-01,4.976786
2009-06-02,4.981786
2009-06-03,5.033929
2009-06-04,5.133571
2009-06-05,5.166786
2009-06-08,5.1375
2009-06-09,5.097143
2009-06-10,5.008929
2009-06-11,4.998214
2009-06-12,4.891786
2009-06-15,4.860357
2009-06-16,4.869643
2009-06-17,4.842143
2009-06-18,4.852857
2009-06-19,4.981429
2009-06-22,4.906071
2009-06-23,4.786071
2009-06-24,4.865
2009-06-25,4.995
2009-06-26,5.087143
2009-06-29,5.070357
2009-06-30,5.086786
2009-07-01,5.101071
2009-07-02,5.000714
2009-07-06,4.950357
2009-07-07,4.835714
2009-07-08,4.900714
2009-07-09,4.87
2009-07-10,4.947143
2009-07-13,5.083571
2009-07-14,5.081071
2009-07-15,5.245714
2009-07-16,5.268571
2009-07-17,5.419643
2009-07-20,5.461071
2009-07-21,5.411071
2009-07-22,5.597857
2009-07-23,5.636429
2009-07-24,5.713929
2009-07-27,5.717857
2009-07-28,5.714286
2009-07-29,5.715357
2009-07-30,5.813929
2009-07-31,5.835357
2009-08-03,5.943929
2009-08-04,5.9125
2009-08-05,5.896786
2009-08-06,5.853929
2009-08-07,5.911071
2009-08-10,5.882857
2009-08-11,5.815357
2009-08-12,5.903929
2009-08-13,6.015
2009-08-14,5.956429
2009-08-17,5.699643
2009-08-18,5.857143
2009-08-19,5.878571
2009-08-20,5.940357
2009-08-21,6.043571
2009-08-24,6.037857
2009-08-25,6.05
2009-08-26,5.978929
2009-08-27,6.051786
2009-08-28,6.073214
2009-08-31,6.0075
2009-09-01,5.903571
2009-09-02,5.899286
2009-09-03,5.948214
2009-09-04,6.0825
2009-09-08,6.176071
2009-09-09,6.112143
2009-09-10,6.162857
2009-09-11,6.148571
2009-09-14,6.204286
2009-09-15,6.255714
2009-09-16,6.495357
2009-09-17,6.591071
2009-09-18,6.607857
2009-09-21,6.572143
2009-09-22,6.588571
2009-09-23,6.625
2009-09-24,6.565
2009-09-25,6.513214
2009-09-28,6.648214
2009-09-29,6.620714
2009-09-30,6.619643
2009-10-01,6.459286
2009-10-02,6.603571
2009-10-05,6.643571
2009-10-06,6.786071
2009-10-07,6.794643
2009-10-08,6.759643
2009-10-09,6.8025
2009-10-12,6.814643
2009-10-13,6.786429
2009-10-14,6.831786
2009-10-15,6.805714
2009-10-16,6.716071
2009-10-19,6.780714
2009-10-20,7.098571
2009-10-21,7.318571
2009-10-22,7.328571
2009-10-23,7.283571
2009-10-26,7.231429
2009-10-27,7.048929
2009-10-28,6.871429
2009-10-29,7.0125
2009-10-30,6.732143
2009-11-02,6.761071
2009-11-03,6.741071
2009-11-04,6.814643
2009-11-05,6.929643
2009-11-06,6.940714
2009-11-09,7.195
2009-11-10,7.249286
2009-11-11,7.258929
2009-11-12,7.213929
2009-11-13,7.301786
2009-11-16,7.379643
2009-11-17,7.392857
2009-11-18,7.355714
2009-11-19,7.161071
2009-11-20,7.14
2009-11-23,7.352857
2009-11-24,7.301429
2009-11-25,7.2925
2009-11-27,7.163929
2009-11-30,7.139643
2009-12-01,7.034643
2009-12-02,7.008214
2009-12-03,7.017143
2009-12-04,6.904286
2009-12-07,6.748214
2009-12-08,6.781071
2009-12-09,7.064286
2009-12-10,7.015357
2009-12-11,6.9525
2009-12-14,7.035
2009-12-15,6.934643
2009-12-16,6.965357
2009-12-17,6.852143
2009-12-18,6.979643
2009-12-21,7.079643
2009-12-22,7.155714
2009-12-23,7.217857
2009-12-24,7.465714
2009-12-28,7.5575
2009-12-29,7.467857
2009-12-30,7.558571
2009-12-31,7.526071
2010-01-04,7.643214
2010-01-05,7.656429
2010-01-06,7.534643
2010-01-07,7.520714
2010-01-08,7.570714
2010-01-11,7.503929
2010-01-12,7.418571
2010-01-13,7.523214
2010-01-14,7.479643
2010-01-15,7.354643
2010-01-19,7.68
2010-01-20,7.561786
2010-01-21,7.431071
2010-01-22,7.0625
2010-01-25,7.2525
2010-01-26,7.355
2010-01-27,7.424286
2010-01-28,7.1175
2010-01-29,6.859286
2010-02-01,6.954643
2010-02-02,6.995
2010-02-03,7.115357
2010-02-04,6.858929
2010-02-05,6.980714
2010-02-08,6.932857
2010-02-09,7.006786
2010-02-10,6.968571
2010-02-11,7.095357
2010-02-12,7.156429
2010-02-16,7.264286
2010-02-17,7.233929
2010-02-18,7.2475
2010-02-19,7.2025
2010-02-22,7.157857
2010-02-23,7.037857
2010-02-24,7.166429
2010-02-25,7.214286
2010-02-26,7.307857
2010-03-01,7.463929
2010-03-02,7.458929
2010-03-03,7.476071
2010-03-04,7.525357
2010-03-05,7.819643
2010-03-08,7.824286
2010-03-09,7.965
2010-03-10,8.03
2010-03-11,8.053571
2010-03-12,8.092857
2010-03-15,7.994286
2010-03-16,8.016071
2010-03-17,8.004286
2010-03-18,8.023214
2010-03-19,7.9375
2010-03-22,8.026786
2010-03-23,8.155714
2010-03-24,8.191786
2010-03-25,8.094643
2010-03-26,8.246429
2010-03-29,8.299643
2010-03-30,8.423214
2010-03-31,8.392857
2010-04-01,8.4275
2010-04-05,8.5175
2010-04-06,8.555
2010-04-07,8.592857
2010-04-08,8.569643
2010-04-09,8.635357
2010-04-12,8.653214
2010-04-13,8.658214
2010-04-14,8.774643
2010-04-15,8.89
2010-04-16,8.835714
2010-04-19,8.823929
2010-04-20,8.735357
2010-04-21,9.257857
2010-04-22,9.516786
2010-04-23,9.6725
2010-04-26,9.625
2010-04-27,9.358571
2010-04-28,9.342857
2010-04-29,9.594286
2010-04-30,9.324643
2010-05-03,9.5125
2010-05-04,9.238571
2010-05-05,9.1425
2010-05-06,8.794643
2010-05-07,8.423571
2010-05-10,9.071071
2010-05-11,9.161429
2010-05-12,9.360357
2010-05-13,9.227143
2010-05-14,9.065
2010-05-17,9.079286
2010-05-18,9.012857
2010-05-19,8.869286
2010-05-20,8.491429
2010-05-21,8.654286
2010-05-24,8.812857
2010-05-25,8.757857
2010-05-26,8.718214
2010-05-27,9.048214
2010-05-28,9.174286
2010-06-01,9.315357
2010-06-02,9.426786
2010-06-03,9.397143
2010-06-04,9.141429
2010-06-07,8.962143
2010-06-08,8.904643
2010-06-09,8.685714
2010-06-10,8.946786
2010-06-11,9.053929
2010-06-14,9.081429
2010-06-15,9.274643
2010-06-16,9.544643
2010-06-17,9.709643
2010-06-18,9.788214
2010-06-21,9.648929
2010-06-22,9.780357
2010-06-23,9.6775
2010-06-24,9.607143
2010-06-25,9.525
2010-06-28,9.582143
2010-06-29,9.148929
2010-06-30,8.983214
2010-07-01,8.874286
2010-07-02,8.819286
2010-07-06,8.879643
2010-07-07,9.238214
2010-07-08,9.2175
2010-07-09,9.272143
2010-07-12,9.188929
2010-07-13,8.992857
2010-07-14,9.026071
2010-07-15,8.980357
2010-07-16,8.925
2010-07-19,8.770714
2010-07-20,8.996071
2010-07-21,9.08
2010-07-22,9.250714
2010-07-23,9.283571
2010-07-26,9.26
2010-07-27,9.431429
2010-07-28,9.32
2010-07-29,9.218214
2010-07-30,9.1875
2010-08-02,9.351786
2010-08-03,9.354643
2010-08-04,9.392143
2010-08-05,9.346429
2010-08-06,9.288929
2010-08-09,9.348214
2010-08-10,9.264643
2010-08-11,8.935357
2010-08-12,8.9925
2010-08-13,8.896429
2010-08-16,8.844286
2010-08-17,8.998929
2010-08-18,9.038214
2010-08-19,8.924286
2010-08-20,8.915714
2010-08-23,8.778571
2010-08-24,8.568929
2010-08-25,8.674643
2010-08-26,8.581429
2010-08-27,8.629286
2010-08-30,8.660714
2010-08-31,8.682143
2010-09-01,8.940357
2010-09-02,9.006071
2010-09-03,9.241786
2010-09-07,9.2075
2010-09-08,9.39
2010-09-09,9.395357
2010-09-10,9.4075
2010-09-13,9.537143
2010-09-14,9.573571
2010-09-15,9.650714
2010-09-16,9.8775
2010-09-17,9.834643
2010-09-20,10.115357
2010-09-21,10.134643
2010-09-22,10.276786
2010-09-23,10.318571
2010-09-24,10.44
2010-09-27,10.398571
2010-09-28,10.245
2010-09-29,10.263214
2010-09-30,10.133929
2010-10-01,10.09
2010-10-04,9.951429
2010-10-05,10.319286
2010-10-06,10.328214
2010-10-07,10.329286
2010-10-08,10.5025
2010-10-11,10.548571
2010-10-12,10.662143
2010-10-13,10.719286
2010-10-14,10.796786
2010-10-15,11.240714
2010-10-18,11.357143
2010-10-19,11.053214
2010-10-20,11.090357
2010-10-21,11.054286
2010-10-22,10.981071
2010-10-25,11.03
2010-10-26,11.001786
2010-10-27,10.993929
2010-10-28,10.901429
2010-10-29,10.749286
2010-11-01,10.863571
2010-11-02,11.048571
2010-11-03,11.171429
2010-11-04,11.366786
2010-11-05,11.326071
2010-11-08,11.379286
2010-11-09,11.288571
2010-11-10,11.358214
2010-11-11,11.308929
2010-11-12,11.001071
2010-11-15,10.965714
2010-11-16,10.771071
2010-11-17,10.732143
2010-11-18,11.015357
2010-11-19,10.954643
2010-11-22,11.191429
2010-11-23,11.026071
2010-11-24,11.242857
2010-11-26,11.25
2010-11-29,11.316786
2010-11-30,11.1125
2010-12-01,11.3
2010-12-02,11.3625
2010-12-03,11.337143
2010-12-06,11.433929
2010-12-07,11.364643
2010-12-08,11.464643
2010-12-09,11.42
2010-12-10,11.448571
2010-12-13,11.488214
2010-12-14,11.438929
2010-12-15,11.441429
2010-12-16,11.473214
2010-12-17,11.450357
2010-12-20,11.5075
2010-12-21,11.578571
2010-12-22,11.612857
2010-12-23,11.557143
2010-12-27,11.595714
2010-12-28,11.623929
2010-12-29,11.6175
2010-12-30,11.559286
2010-12-31,11.52
2011-01-03,11.770357
2011-01-04,11.831786
2011-01-05,11.928571
2011-01-06,11.918929
2011-01-07,12.004286
2011-01-10,12.230357
2011-01-11,12.201429
2011-01-12,12.300714
2011-01-13,12.345714
2011-01-14,12.445714
2011-01-18,12.166071
2011-01-19,12.101429
2011-01-20,11.881429
2011-01-21,11.668571
2011-01-24,12.051786
2011-01-25,12.192857
2011-01-26,12.280357
2011-01-27,12.2575
2011-01-28,12.003571
2011-01-31,12.118571
2011-02-01,12.3225
2011-02-02,12.297143
2011-02-03,12.265714
2011-02-04,12.375
2011-02-07,12.567143
2011-02-08,12.685714
2011-02-09,12.791429
2011-02-10,12.662143
2011-02-11,12.744643
2011-02-14,12.827857
2011-02-15,12.853571
2011-02-16,12.968929
2011-02-17,12.796429
2011-02-18,12.52
2011-02-22,12.093214
2011-02-23,12.236429
2011-02-24,12.245714
2011-02-25,12.434286
2011-02-28,12.614643
2011-03-01,12.475357
2011-03-02,12.575714
2011-03-03,12.841429
2011-03-04,12.857143
2011-03-07,12.691429
2011-03-08,12.705714
2011-03-09,12.588214
2011-03-10,12.381071
2011-03-11,12.571071
2011-03-14,12.627143
2011-03-15,12.336786
2011-03-16,11.786071
2011-03-17,11.951429
2011-03-18,11.809643
2011-03-21,12.117857
2011-03-22,12.185714
2011-03-23,12.113929
2011-03-24,12.320357
2011-03-25,12.555
2011-03-28,12.515714
2011-03-29,12.534286
2011-03-30,12.451071
2011-03-31,12.446786
2011-04-01,12.305714
2011-04-04,12.185357
2011-04-05,12.103214
2011-04-06,12.072857
2011-04-07,12.074286
2011-04-08,11.966429
2011-04-11,11.814286
2011-04-12,11.871429
2011-04-13,12.004643
2011-04-14,11.872143
2011-04-15,11.695
2011-04-18,11.851786
2011-04-19,12.066429
2011-04-20,12.228929
2011-04-21,12.525
2011-04-25,12.6075
2011-04-26,12.515
2011-04-27,12.505357
2011-04-28,12.383929
2011-04-29,12.504643
2011-05-02,12.367143
2011-05-03,12.435714
2011-05-04,12.484643
2011-05-05,12.383929
2011-05-06,12.380714
2011-05-09,12.414286
2011-05-10,12.480357
2011-05-11,12.401071
2011-05-12,12.3775
2011-05-13,12.160714
2011-05-16,11.903571
2011-05-17,12.005
2011-05-18,12.138214
2011-05-19,12.161786
2011-05-20,11.972143
2011-05-23,11.942857
2011-05-24,11.863929
2011-05-25,12.027857
2011-05-26,11.964286
2011-05-27,12.050357
2011-05-31,12.4225
2011-06-01,12.339643
2011-06-02,12.360714
2011-06-03,12.265714
2011-06-06,12.072857
2011-06-07,11.858571
2011-06-08,11.865714
2011-06-09,11.838929
2011-06-10,11.639286
2011-06-13,11.664286
2011-06-14,11.872857
2011-06-15,11.669643
2011-06-16,11.612857
2011-06-17,11.437857
2011-06-20,11.261429
2011-06-21,11.617857
2011-06-22,11.521786
2011-06-23,11.829643
2011-06-24,11.655357
2011-06-27,11.858571
2011-06-28,11.973571
2011-06-29,11.93
2011-06-30,11.988214
2011-07-01,12.259286
2011-07-05,12.479643
2011-07-06,12.562857
2011-07-07,12.757143
2011-07-08,12.846786
2011-07-11,12.642857
2011-07-12,12.633929
2011-07-13,12.786429
2011-07-14,12.7775
2011-07-15,13.032857
2011-07-18,13.35
2011-07-19,13.458929
2011-07-20,13.817857
2011-07-21,13.831786
2011-07-22,14.046429
2011-07-25,14.232143
2011-07-26,14.4075
2011-07-27,14.021071
2011-07-28,13.993571
2011-07-29,13.945714
2011-08-01,14.169643
2011-08-02,13.889643
2011-08-03,14.020357
2011-08-04,13.4775
2011-08-05,13.343571
2011-08-08,12.614643
2011-08-09,13.3575
2011-08-10,12.988929
2011-08-11,13.346429
2011-08-12,13.463929
2011-08-15,13.693214
2011-08-16,13.588571
2011-08-17,13.587143
2011-08-18,13.073214
2011-08-19,12.715357
2011-08-22,12.73
2011-08-23,13.342857
2011-08-24,13.435
2011-08-25,13.347143
2011-08-26,13.699286
2011-08-29,13.9275
2011-08-30,13.928214
2011-08-31,13.743929
2011-09-01,13.608214
2011-09-02,13.358929
2011-09-06,13.562143
2011-09-07,13.711786
2011-09-08,13.719286
2011-09-09,13.481429
2011-09-12,13.569286
2011-09-13,13.736429
2011-09-14,13.903571
2011-09-15,14.034286
2011-09-16,14.303571
2011-09-19,14.701071
2011-09-20,14.766071
2011-09-21,14.719286
2011-09-22,14.350714
2011-09-23,14.439286
2011-09-26,14.398929
2011-09-27,14.259286
2011-09-28,14.178929
2011-09-29,13.948929
2011-09-30,13.618571
2011-10-03,13.378571
2011-10-04,13.303571
2011-10-05,13.508929
2011-10-06,13.4775
2011-10-07,13.207143
2011-10-10,13.886071
2011-10-11,14.296071
2011-10-12,14.363929
2011-10-13,14.586786
2011-10-14,15.071429
2011-10-17,14.999643
2011-10-18,15.08
2011-10-19,14.236429
2011-10-20,14.118214
2011-10-21,14.031071
2011-10-24,14.491786
2011-10-25,14.206071
2011-10-26,14.307143
2011-10-27,14.453214
2011-10-28,14.4625
2011-10-31,14.456429
2011-11-01,14.161071
2011-11-02,14.193214
2011-11-03,14.395357
2011-11-04,14.294286
2011-11-07,14.276071
2011-11-08,14.508214
2011-11-09,14.117143
2011-11-10,13.757857
2011-11-11,13.736429
2011-11-14,13.545
2011-11-15,13.886786
2011-11-16,13.741786
2011-11-17,13.478929
2011-11-18,13.390714
2011-11-21,13.178929
2011-11-22,13.446786
2011-11-23,13.106786
2011-11-25,12.984643
2011-11-28,13.432857
2011-11-29,13.328571
2011-11-30,13.65
2011-12-01,13.854643
2011-12-02,13.917857
2011-12-05,14.036071
2011-12-06,13.9625
2011-12-07,13.896071
2011-12-08,13.952143
2011-12-09,14.057857
2011-12-12,13.994286
2011-12-13,13.886071
2011-12-14,13.578214
2011-12-15,13.533571
2011-12-16,13.607857
2011-12-19,13.650357
2011-12-20,14.141071
2011-12-21,14.158929
2011-12-22,14.233929
2011-12-23,14.404643
2011-12-27,14.518929
2011-12-28,14.38
2011-12-29,14.468571
2011-12-30,14.464286
2012-01-03,14.686786
2012-01-04,14.765714
2012-01-05,14.929643
2012-01-06,15.085714
2012-01-09,15.061786
2012-01-10,15.115714
2012-01-11,15.091071
2012-01-12,15.049643
2012-01-13,14.993214
2012-01-17,15.167857
2012-01-18,15.325357
2012-01-19,15.276786
2012-01-20,15.010714
2012-01-23,15.264643
2012-01-24,15.014643
2012-01-25,15.952143
2012-01-26,15.879643
2012-01-27,15.974286
2012-01-30,16.178928
2012-01-31,16.302856
2012-02-01,16.2925
2012-02-02,16.254286
2012-02-03,16.417143
2012-02-06,16.570356
2012-02-07,16.743929
2012-02-08,17.024286
2012-02-09,17.613214
2012-02-10,17.622143
2012-02-13,17.950001
2012-02-14,18.195
2012-02-15,17.77393
2012-02-16,17.936071
2012-02-17,17.932858
2012-02-21,18.387501
2012-02-22,18.322857
2012-02-23,18.442499
2012-02-24,18.657499
2012-02-27,18.777143
2012-02-28,19.121786
2012-02-29,19.372856
2012-03-01,19.445356
2012-03-02,19.470715
2012-03-05,19.04143
2012-03-06,18.937857
2012-03-07,18.953215
2012-03-08,19.356787
2012-03-09,19.470358
2012-03-12,19.714287
2012-03-13,20.289286
2012-03-14,21.056429
2012-03-15,20.912857
2012-03-16,20.913214
2012-03-19,21.467857
2012-03-20,21.64143
2012-03-21,21.517857
2012-03-22,21.405001
2012-03-23,21.2875
2012-03-26,21.677856
2012-03-27,21.945715
2012-03-28,22.057858
2012-03-29,21.780714
2012-03-30,21.4125
2012-04-02,22.093929
2012-04-03,22.475714
2012-04-04,22.296785
2012-04-05,22.63143
2012-04-09,22.7225
2012-04-10,22.444286
2012-04-11,22.364286
2012-04-12,22.241785
2012-04-13,21.615356
2012-04-16,20.718929
2012-04-17,21.775
2012-04-18,21.726429
2012-04-19,20.98
2012-04-20,20.463572
2012-04-23,20.417856
2012-04-24,20.01
2012-04-25,21.785713
2012-04-26,21.703571
2012-04-27,21.535713
2012-04-30,20.856428
2012-05-01,20.790358
2012-05-02,20.927856
2012-05-03,20.779285
2012-05-04,20.1875
2012-05-07,20.338572
2012-05-08,20.292143
2012-05-09,20.327856
2012-05-10,20.375713
2012-05-11,20.239643
2012-05-14,19.936428
2012-05-15,19.756071
2012-05-16,19.502857
2012-05-17,18.932858
2012-05-18,18.942142
2012-05-21,20.045713
2012-05-22,19.891787
2012-05-23,20.377144
2012-05-24,20.190001
2012-05-25,20.081785
2012-05-29,20.438213
2012-05-30,20.684643
2012-05-31,20.633215
2012-06-01,20.035357
2012-06-04,20.153214
2012-06-05,20.10107
2012-06-06,20.409286
2012-06-07,20.418571
2012-06-08,20.725714
2012-06-11,20.39893
2012-06-12,20.577143
2012-06-13,20.434286
2012-06-14,20.411785
2012-06-15,20.504642
2012-06-18,20.920713
2012-06-19,20.97893
2012-06-20,20.919287
2012-06-21,20.631071
2012-06-22,20.789286
2012-06-25,20.384644
2012-06-26,20.429644
2012-06-27,20.517857
2012-06-28,20.323214
2012-06-29,20.857143
2012-07-02,21.161428
2012-07-03,21.407499
2012-07-05,21.783571
2012-07-06,21.638571
2012-07-09,21.924643
2012-07-10,21.721786
2012-07-11,21.586786
2012-07-12,21.389286
2012-07-13,21.606071
2012-07-16,21.675358
2012-07-17,21.67643
2012-07-18,21.652143
2012-07-19,21.940001
2012-07-20,21.582144
2012-07-23,21.565357
2012-07-24,21.46143
2012-07-25,20.534643
2012-07-26,20.531429
2012-07-27,20.898571
2012-07-30,21.251072
2012-07-31,21.812857
2012-08-01,21.671785
2012-08-02,21.706785
2012-08-03,21.989286
2012-08-06,22.233929
2012-08-07,22.175358
2012-08-08,22.137857
2012-08-09,22.168928
2012-08-10,22.203571
2012-08-13,22.5
2012-08-14,22.560356
2012-08-15,22.529642
2012-08-16,22.726429
2012-08-17,23.146786
2012-08-20,23.755358
2012-08-21,23.430714
2012-08-22,23.888214
2012-08-23,23.665358
2012-08-24,23.686428
2012-08-27,24.13143
2012-08-28,24.1
2012-08-29,24.0525
2012-08-30,23.709642
2012-08-31,23.758572
2012-09-04,24.106071
2012-09-05,23.936787
2012-09-06,24.1525
2012-09-07,24.30143
2012-09-10,23.669287
2012-09-11,23.592501
2012-09-12,23.92107
2012-09-13,24.392143
2012-09-14,24.688572
2012-09-17,24.992144
2012-09-18,25.068214
2012-09-19,25.075001
2012-09-20,24.953571
2012-09-21,25.003214
2012-09-24,24.67107
2012-09-25,24.055
2012-09-26,23.75643
2012-09-27,24.332857
2012-09-28,23.825001
2012-10-01,23.549643
2012-10-02,23.618214
2012-10-03,23.980356
2012-10-04,23.814285
2012-10-05,23.306786
2012-10-08,22.791786
2012-10-09,22.708929
2012-10-10,22.889643
2012-10-11,22.432142
2012-10-12,22.489643
2012-10-15,22.67
2012-10-16,23.206785
2012-10-17,23.021786
2012-10-18,22.594286
2012-10-19,21.780001
2012-10-22,22.643929
2012-10-23,21.905714
2012-10-24,22.029642
2012-10-25,21.769285
2012-10-26,21.571428
2012-10-31,21.261429
2012-11-01,21.305
2012-11-02,20.6
2012-11-05,20.879286
2012-11-06,20.816071
2012-11-07,19.928572
2012-11-08,19.205357
2012-11-09,19.537857
2012-11-12,19.386786
2012-11-13,19.389286
2012-11-14,19.174286
2012-11-15,18.772142
2012-11-16,18.845715
2012-11-19,20.204643
2012-11-20,20.032499
2012-11-21,20.060715
2012-11-23,20.410713
2012-11-26,21.054644
2012-11-27,20.885
2012-11-28,20.819286
2012-11-29,21.048571
2012-11-30,20.902857
2012-12-03,20.935356
2012-12-04,20.566071
2012-12-05,19.2425
2012-12-06,19.544287
2012-12-07,19.044643
2012-12-10,18.922144
2012-12-11,19.335358
2012-12-12,19.25
2012-12-13,18.9175
2012-12-14,18.206785
2012-12-17,18.529642
2012-12-18,19.067858
2012-12-19,18.796785
2012-12-20,18.633215
2012-12-21,18.547501
2012-12-24,18.577499
2012-12-26,18.321428
2012-12-27,18.395
2012-12-28,18.199642
2012-12-31,19.006071
2013-01-02,19.608213
2013-01-03,19.360714
2013-01-04,18.821428
2013-01-07,18.710714
2013-01-08,18.76107
2013-01-09,18.467857
2013-01-10,18.696787
2013-01-11,18.582144
2013-01-14,17.919643
2013-01-15,17.354286
2013-01-16,18.074642
2013-01-17,17.952856
2013-01-18,17.857143
2013-01-22,18.0275
2013-01-23,18.3575
2013-01-24,16.089287
2013-01-25,15.71
2013-01-28,16.065357
2013-01-29,16.366785
2013-01-30,16.315357
2013-01-31,16.2675
2013-02-01,16.200714
2013-02-04,15.797143
2013-02-05,16.351429
2013-02-06,16.333929
2013-02-07,16.722143
2013-02-08,16.963572
2013-02-11,17.140356
2013-02-12,16.710714
2013-02-13,16.678928
2013-02-14,16.663929
2013-02-15,16.434286
2013-02-19,16.428213
2013-02-20,16.030357
2013-02-21,15.930714
2013-02-22,16.100357
2013-02-25,15.814286
2013-02-26,16.034643
2013-02-27,15.8775
2013-02-28,15.764286
2013-03-01,15.373929
2013-03-04,15.001786
2013-03-05,15.397857
2013-03-06,15.202143
2013-03-07,15.377857
2013-03-08,15.418571
2013-03-11,15.638214
2013-03-12,15.301071
2013-03-13,15.298214
2013-03-14,15.446429
2013-03-15,15.845
2013-03-18,16.275715
2013-03-19,16.231787
2013-03-20,16.145714
2013-03-21,16.168928
2013-03-22,16.496786
2013-03-25,16.556429
2013-03-26,16.469286
2013-03-27,16.145714
2013-03-28,15.809286
2013-04-01,15.318214
2013-04-02,15.349643
2013-04-03,15.428214
2013-04-04,15.275714
2013-04-05,15.114286
2013-04-08,15.221786
2013-04-09,15.249286
2013-04-10,15.560357
2013-04-11,15.511786
2013-04-12,15.35
2013-04-15,14.994643
2013-04-16,15.222857
2013-04-17,14.385714
2013-04-18,14.001786
2013-04-19,13.9475
2013-04-22,14.238214
2013-04-23,14.504643
2013-04-24,14.480714
2013-04-25,14.585
2013-04-26,14.9
2013-04-29,15.361429
2013-04-30,15.813571
2013-05-01,15.688929
2013-05-02,15.911429
2013-05-03,16.070715
2013-05-06,16.45393
2013-05-07,16.380714
2013-05-08,16.565714
2013-05-09,16.313213
2013-05-10,16.1775
2013-05-13,16.240713
2013-05-14,15.852143
2013-05-15,15.316071
2013-05-16,15.520714
2013-05-17,15.473571
2013-05-20,15.818929
2013-05-21,15.702143
2013-05-22,15.7625
2013-05-23,15.790714
2013-05-24,15.898214
2013-05-28,15.765714
2013-05-29,15.891071
2013-05-30,16.127857
2013-05-31,16.061787
2013-06-03,16.097143
2013-06-04,16.046785
2013-06-05,15.896786
2013-06-06,15.659286
2013-06-07,15.778929
2013-06-10,15.674643
2013-06-11,15.628571
2013-06-12,15.435357
2013-06-13,15.57
2013-06-14,15.358929
2013-06-17,15.428571
2013-06-18,15.420357
2013-06-19,15.107143
2013-06-20,14.887143
2013-06-21,14.767857
2013-06-24,14.376429
2013-06-25,14.379643
2013-06-26,14.216786
2013-06-27,14.063571
2013-06-28,14.161786
2013-07-01,14.615
2013-07-02,14.946071
2013-07-03,15.028571
2013-07-05,14.907857
2013-07-08,14.823214
2013-07-09,15.083929
2013-07-10,15.026071
2013-07-11,15.260357
2013-07-12,15.2325
2013-07-15,15.265714
2013-07-16,15.364286
2013-07-17,15.368214
2013-07-18,15.42
2013-07-19,15.176786
2013-07-22,15.225357
2013-07-23,14.963929
2013-07-24,15.7325
2013-07-25,15.660714
2013-07-26,15.749643
2013-07-29,15.9925
2013-07-30,16.190001
2013-07-31,16.161785
2013-08-01,16.309999
2013-08-02,16.519285
2013-08-05,16.766071
2013-08-06,16.616072
2013-08-07,16.606428
2013-08-08,16.464643
2013-08-09,16.230356
2013-08-12,16.691429
2013-08-13,17.484644
2013-08-14,17.803572
2013-08-15,17.782499
2013-08-16,17.940357
2013-08-19,18.133572
2013-08-20,17.895357
2013-08-21,17.941429
2013-08-22,17.962856
2013-08-23,17.893572
2013-08-26,17.963215
2013-08-27,17.449642
2013-08-28,17.532143
2013-08-29,17.560715
2013-08-30,17.400715
2013-09-03,17.449286
2013-09-04,17.810356
2013-09-05,17.688213
2013-09-06,17.793571
2013-09-09,18.077499
2013-09-10,17.665714
2013-09-11,16.70393
2013-09-12,16.881786
2013-09-13,16.603571
2013-09-16,16.075714
2013-09-17,16.261429
2013-09-18,16.595715
2013-09-19,16.867857
2013-09-20,16.693214
2013-09-23,17.522858
2013-09-24,17.467857
2013-09-25,17.1975
2013-09-26,17.365
2013-09-27,17.241072
2013-09-30,17.026787
2013-10-01,17.427143
2013-10-02,17.484285
2013-10-03,17.264643
2013-10-04,17.251072
2013-10-07,17.419643
2013-10-08,17.17643
2013-10-09,17.378214
2013-10-10,17.487143
2013-10-11,17.600357
2013-10-14,17.715714
2013-10-15,17.809999
2013-10-16,17.896786
2013-10-17,18.017857
2013-10-18,18.174643
2013-10-21,18.620001
2013-10-22,18.566786
2013-10-23,18.748571
2013-10-24,18.996786
2013-10-25,18.784286
2013-10-28,18.924286
2013-10-29,18.452856
2013-10-30,18.746429
2013-10-31,18.667856
2013-11-01,18.5725
2013-11-04,18.8125
2013-11-05,18.766071
2013-11-06,18.604286
2013-11-07,18.303213
2013-11-08,18.591429
2013-11-11,18.5375
2013-11-12,18.571787
2013-11-13,18.593929
2013-11-14,18.862858
2013-11-15,18.749643
2013-11-18,18.522499
2013-11-19,18.555357
2013-11-20,18.392857
2013-11-21,18.612143
2013-11-22,18.564285
2013-11-25,18.705
2013-11-26,19.049999
2013-11-27,19.498571
2013-11-29,19.859644
2013-12-02,19.686787
2013-12-03,20.225714
2013-12-04,20.178572
2013-12-05,20.282143
2013-12-06,20.000713
2013-12-09,20.229643
2013-12-10,20.198214
2013-12-11,20.048571
2013-12-12,20.019285
2013-12-13,19.801071
2013-12-16,19.910713
2013-12-17,19.821072
2013-12-18,19.670357
2013-12-19,19.445
2013-12-20,19.607857
2013-12-23,20.360357
2013-12-24,20.27393
2013-12-26,20.139286
2013-12-27,20.003214
2013-12-30,19.804285
2013-12-31,20.036428
2014-01-02,19.754642
2014-01-03,19.320715
2014-01-06,19.426071
2014-01-07,19.287144
2014-01-08,19.409286
2014-01-09,19.161428
2014-01-10,19.033571
2014-01-13,19.133215
2014-01-14,19.513929
2014-01-15,19.905714
2014-01-16,19.794643
2014-01-17,19.309643
2014-01-21,19.609644
2014-01-22,19.696787
2014-01-23,19.863571
2014-01-24,19.502501
2014-01-27,19.660713
2014-01-28,18.089287
2014-01-29,17.883928
2014-01-30,17.849285
2014-01-31,17.878571
2014-02-03,17.911785
2014-02-04,18.17107
2014-02-05,18.306786
2014-02-06,18.303928
2014-02-07,18.559999
2014-02-10,18.8925
2014-02-11,19.14143
2014-02-12,19.139999
2014-02-13,19.44393
2014-02-14,19.428213
2014-02-18,19.499643
2014-02-19,19.191786
2014-02-20,18.969643
2014-02-21,18.758928
2014-02-24,18.84107
2014-02-25,18.645
2014-02-26,18.476786
2014-02-27,18.845358
2014-02-28,18.794287
2014-03-03,18.848572
2014-03-04,18.972857
2014-03-05,19.012857
2014-03-06,18.955357
2014-03-07,18.944286
2014-03-10,18.96143
2014-03-11,19.14607
2014-03-12,19.164642
2014-03-13,18.951786
2014-03-14,18.73893
2014-03-17,18.812143
2014-03-18,18.978571
2014-03-19,18.973572
2014-03-20,18.882143
2014-03-21,19.031071
2014-03-24,19.256786
2014-03-25,19.463928
2014-03-26,19.277857
2014-03-27,19.195
2014-03-28,19.173571
2014-03-31,19.169287
2014-04-01,19.344643
2014-04-02,19.376785
2014-04-03,19.2425
2014-04-04,18.99357
2014-04-07,18.695356
2014-04-08,18.694286
2014-04-09,18.940001
2014-04-10,18.695715
2014-04-11,18.557501
2014-04-14,18.63143
2014-04-15,18.498571
2014-04-16,18.536072
2014-04-17,18.747856
2014-04-21,18.970358
2014-04-22,18.989286
2014-04-23,18.741072
2014-04-24,20.2775
2014-04-25,20.42643
2014-04-28,21.217501
2014-04-29,21.154642
2014-04-30,21.074642
2014-05-01,21.124287
2014-05-02,21.16357
2014-05-05,21.462856
2014-05-06,21.22893
2014-05-07,21.154642
2014-05-08,20.999643
2014-05-09,20.912144
2014-05-12,21.172501
2014-05-13,21.205713
2014-05-14,21.209642
2014-05-15,21.029285
2014-05-16,21.339643
2014-05-19,21.592501
2014-05-20,21.596786
2014-05-21,21.653929
2014-05-22,21.688213
2014-05-23,21.933214
2014-05-27,22.343929
2014-05-28,22.286072
2014-05-29,22.692142
2014-05-30,22.607143
2014-06-02,22.451786
2014-06-03,22.769285
2014-06-04,23.029285
2014-06-05,23.119642
2014-06-06,23.05607
2014-06-09,23.424999
2014-06-10,23.5625
2014-06-11,23.465
2014-06-12,23.0725
2014-06-13,22.82
2014-06-16,23.049999
2014-06-17,23.02
2014-06-18,23.045
2014-06-19,22.965
2014-06-20,22.727501
2014-06-23,22.7075
2014-06-24,22.57
2014-06-25,22.59
2014-06-26,22.725
2014-06-27,22.995001
2014-06-30,23.2325
2014-07-01,23.379999
2014-07-02,23.370001
2014-07-03,23.5075
2014-07-07,23.9925
2014-07-08,23.8375
2014-07-09,23.8475
2014-07-10,23.76
2014-07-11,23.805
2014-07-14,24.112499
2014-07-15,23.83
2014-07-16,23.695
2014-07-17,23.272499
2014-07-18,23.6075
2014-07-21,23.485001
2014-07-22,23.68
2014-07-23,24.297501
2014-07-24,24.2575
2014-07-25,24.4175
2014-07-28,24.754999
2014-07-29,24.594999
2014-07-30,24.5375
2014-07-31,23.9
2014-08-01,24.032499
2014-08-04,23.897499
2014-08-05,23.780001
2014-08-06,23.74
2014-08-07,23.620001
2014-08-08,23.684999
2014-08-11,23.997499
2014-08-12,23.9925
2014-08-13,24.309999
2014-08-14,24.375
2014-08-15,24.495001
2014-08-18,24.790001
2014-08-19,25.1325
2014-08-20,25.1425
2014-08-21,25.145
2014-08-22,25.33
2014-08-25,25.385
2014-08-26,25.2225
2014-08-27,25.532499
2014-08-28,25.5625
2014-08-29,25.625
2014-09-02,25.825001
2014-09-03,24.735001
2014-09-04,24.530001
2014-09-05,24.7425
2014-09-08,24.59
2014-09-09,24.497499
2014-09-10,25.25
2014-09-11,25.3575
2014-09-12,25.415001
2014-09-15,25.407499
2014-09-16,25.215
2014-09-17,25.395
2014-09-18,25.4475
2014-09-19,25.24
2014-09-22,25.264999
2014-09-23,25.66
2014-09-24,25.4375
2014-09-25,24.467501
2014-09-26,25.1875
2014-09-29,25.0275
2014-09-30,25.1875
2014-10-01,24.795
2014-10-02,24.975
2014-10-03,24.905001
2014-10-06,24.905001
2014-10-07,24.6875
2014-10-08,25.200001
2014-10-09,25.254999
2014-10-10,25.182501
2014-10-13,24.952499
2014-10-14,24.6875
2014-10-15,24.385
2014-10-16,24.065001
2014-10-17,24.4175
2014-10-20,24.940001
2014-10-21,25.6175
2014-10-22,25.747499
2014-10-23,26.2075
2014-10-24,26.305
2014-10-27,26.2775
2014-10-28,26.684999
2014-10-29,26.834999
2014-10-30,26.745001
2014-10-31,27.0
2014-11-03,27.35
2014-11-04,27.15
2014-11-05,27.215
2014-11-06,27.174999
2014-11-07,27.252501
2014-11-10,27.2075
2014-11-11,27.424999
2014-11-12,27.8125
2014-11-13,28.205
2014-11-14,28.545
2014-11-17,28.497499
2014-11-18,28.8675
2014-11-19,28.6675
2014-11-20,29.077499
2014-11-21,29.1175
2014-11-24,29.657499
2014-11-25,29.4
2014-11-26,29.75
2014-11-28,29.7325
2014-12-01,28.7675
2014-12-02,28.657499
2014-12-03,28.9825
2014-12-04,28.872499
2014-12-05,28.75
2014-12-08,28.1
2014-12-09,28.530001
2014-12-10,27.987499
2014-12-11,27.905001
2014-12-12,27.432501
2014-12-15,27.057501
2014-12-16,26.6875
2014-12-17,27.352501
2014-12-18,28.1625
2014-12-19,27.945
2014-12-22,28.235001
2014-12-23,28.135
2014-12-24,28.002501
2014-12-26,28.497499
2014-12-29,28.477501
2014-12-30,28.129999
2014-12-31,27.594999
2015-01-02,27.3325
2015-01-05,26.5625
2015-01-06,26.565001
2015-01-07,26.9375
2015-01-08,27.9725
2015-01-09,28.002501
2015-01-12,27.3125
2015-01-13,27.555
2015-01-14,27.450001
2015-01-15,26.705
2015-01-16,26.497499
2015-01-20,27.18
2015-01-21,27.387501
2015-01-22,28.1
2015-01-23,28.245001
2015-01-26,28.275
2015-01-27,27.285
2015-01-28,28.827499
2015-01-29,29.725
2015-01-30,29.290001
2015-02-02,29.657499
2015-02-03,29.6625
2015-02-04,29.889999
2015-02-05,29.985001
2015-02-06,29.7325
2015-02-09,29.93
2015-02-10,30.504999
2015-02-11,31.219999
2015-02-12,31.615
2015-02-13,31.77
2015-02-17,31.9575
2015-02-18,32.18
2015-02-19,32.112499
2015-02-20,32.375
2015-02-23,33.25
2015-02-24,33.0425
2015-02-25,32.197498
2015-02-26,32.605
2015-02-27,32.115002
2015-03-02,32.272499
2015-03-03,32.34
2015-03-04,32.134998
2015-03-05,31.602501
2015-03-06,31.65
2015-03-09,31.785
2015-03-10,31.127501
2015-03-11,30.559999
2015-03-12,31.112499
2015-03-13,30.897499
2015-03-16,31.237499
2015-03-17,31.76
2015-03-18,32.1175
2015-03-19,31.875
2015-03-20,31.475
2015-03-23,31.8025
2015-03-24,31.672501
2015-03-25,30.844999
2015-03-26,31.059999
2015-03-27,30.8125
2015-03-30,31.592501
2015-03-31,31.1075
2015-04-01,31.0625
2015-04-02,31.33
2015-04-06,31.8375
2015-04-07,31.502501
2015-04-08,31.4
2015-04-09,31.639999
2015-04-10,31.775
2015-04-13,31.7125
2015-04-14,31.575001
2015-04-15,31.695
2015-04-16,31.5425
2015-04-17,31.1875
2015-04-20,31.9
2015-04-21,31.727501
2015-04-22,32.154999
2015-04-23,32.4175
2015-04-24,32.57
2015-04-27,33.162498
2015-04-28,32.639999
2015-04-29,32.16
2015-04-30,31.2875
2015-05-01,32.237499
2015-05-04,32.174999
2015-05-05,31.450001
2015-05-06,31.252501
2015-05-07,31.315001
2015-05-08,31.905001
2015-05-11,31.58
2015-05-12,31.467501
2015-05-13,31.502501
2015-05-14,32.237499
2015-05-15,32.192501
2015-05-18,32.547501
2015-05-19,32.517502
2015-05-20,32.514999
2015-05-21,32.8475
2015-05-22,33.134998
2015-05-26,32.404999
2015-05-27,33.009998
2015-05-28,32.945
2015-05-29,32.57
2015-06-01,32.634998
2015-06-02,32.490002
2015-06-03,32.529999
2015-06-04,32.34
2015-06-05,32.162498
2015-06-08,31.950001
2015-06-09,31.855
2015-06-10,32.220001
2015-06-11,32.147499
2015-06-12,31.7925
2015-06-15,31.73
2015-06-16,31.9
2015-06-17,31.825001
2015-06-18,31.969999
2015-06-19,31.65
2015-06-22,31.9025
2015-06-23,31.7575
2015-06-24,32.0275
2015-06-25,31.875
2015-06-26,31.6875
2015-06-29,31.1325
2015-06-30,31.3575
2015-07-01,31.65
2015-07-02,31.610001
2015-07-06,31.5
2015-07-07,31.422501
2015-07-08,30.6425
2015-07-09,30.0175
2015-07-10,30.82
2015-07-13,31.415001
2015-07-14,31.4025
2015-07-15,31.705
2015-07-16,32.127499
2015-07-17,32.404999
2015-07-20,33.017502
2015-07-21,32.6875
2015-07-22,31.305
2015-07-23,31.290001
2015-07-24,31.125
2015-07-27,30.692499
2015-07-28,30.844999
2015-07-29,30.747499
2015-07-30,30.592501
2015-07-31,30.325001
2015-08-03,29.610001
2015-08-04,28.66
2015-08-05,28.85
2015-08-06,28.782499
2015-08-07,28.879999
2015-08-10,29.93
2015-08-11,28.372499
2015-08-12,28.809999
2015-08-13,28.7875
2015-08-14,28.99
2015-08-17,29.290001
2015-08-18,29.125
2015-08-19,28.752501
2015-08-20,28.1625
2015-08-21,26.440001
2015-08-24,25.780001
2015-08-25,25.934999
2015-08-26,27.422501
2015-08-27,28.23
2015-08-28,28.3225
2015-08-31,28.190001
2015-09-01,26.93
2015-09-02,28.084999
2015-09-03,27.592501
2015-09-04,27.317499
2015-09-08,28.077499
2015-09-09,27.5375
2015-09-10,28.1425
2015-09-11,28.5525
2015-09-14,28.827499
2015-09-15,29.07
2015-09-16,29.102501
2015-09-17,28.48
2015-09-18,28.362499
2015-09-21,28.8025
2015-09-22,28.35
2015-09-23,28.58
2015-09-24,28.75
2015-09-25,28.6775
2015-09-28,28.110001
2015-09-29,27.264999
2015-09-30,27.575001
2015-10-01,27.395
2015-10-02,27.594999
2015-10-05,27.695
2015-10-06,27.827499
2015-10-07,27.695
2015-10-08,27.375
2015-10-09,28.030001
2015-10-12,27.9
2015-10-13,27.9475
2015-10-14,27.5525
2015-10-15,27.965
2015-10-16,27.76
2015-10-19,27.932501
2015-10-20,28.442499
2015-10-21,28.440001
2015-10-22,28.875
2015-10-23,29.77
2015-10-26,28.82
2015-10-27,28.637501
2015-10-28,29.817499
2015-10-29,30.1325
2015-10-30,29.875
2015-11-02,30.295
2015-11-03,30.6425
2015-11-04,30.5
2015-11-05,30.23
2015-11-06,30.264999
2015-11-09,30.1425
2015-11-10,29.192499
2015-11-11,29.0275
2015-11-12,28.93
2015-11-13,28.084999
2015-11-16,28.545
2015-11-17,28.422501
2015-11-18,29.3225
2015-11-19,29.695
2015-11-20,29.825001
2015-11-23,29.4375
2015-11-24,29.719999
2015-11-25,29.5075
2015-11-27,29.452499
2015-11-30,29.575001
2015-12-01,29.334999
2015-12-02,29.07
2015-12-03,28.799999
2015-12-04,29.7575
2015-12-07,29.57
2015-12-08,29.557501
2015-12-09,28.905001
2015-12-10,29.0425
2015-12-11,28.295
2015-12-14,28.120001
2015-12-15,27.622499
2015-12-16,27.834999
2015-12-17,27.245001
2015-12-18,26.5075
2015-12-21,26.8325
2015-12-22,26.807501
2015-12-23,27.1525
2015-12-24,27.0075
2015-12-28,26.705
2015-12-29,27.184999
2015-12-30,26.83
2015-12-31,26.315001
2016-01-04,26.3375
2016-01-05,25.6775
2016-01-06,25.174999
2016-01-07,24.112499
2016-01-08,24.24
2016-01-11,24.6325
2016-01-12,24.99
2016-01-13,24.3475
2016-01-14,24.879999
2016-01-15,24.282499
2016-01-19,24.165001
2016-01-20,24.1975
2016-01-21,24.075001
2016-01-22,25.355
2016-01-25,24.860001
2016-01-26,24.997499
2016-01-27,23.355
2016-01-28,23.522499
2016-01-29,24.334999
2016-02-01,24.1075
2016-02-02,23.620001
2016-02-03,24.0875
2016-02-04,24.15
2016-02-05,23.504999
2016-02-08,23.752501
2016-02-09,23.747499
2016-02-10,23.567499
2016-02-11,23.424999
2016-02-12,23.497499
2016-02-16,24.16
2016-02-17,24.530001
2016-02-18,24.065001
2016-02-19,24.01
2016-02-22,24.219999
2016-02-23,23.672501
2016-02-24,24.025
2016-02-25,24.190001
2016-02-26,24.227501
2016-02-29,24.172501
2016-03-01,25.1325
2016-03-02,25.1875
2016-03-03,25.375
2016-03-04,25.752501
2016-03-07,25.467501
2016-03-08,25.2575
2016-03-09,25.280001
2016-03-10,25.2925
2016-03-11,25.565001
2016-03-14,25.629999
2016-03-15,26.145
2016-03-16,26.4925
2016-03-17,26.450001
2016-03-18,26.48
2016-03-21,26.477501
2016-03-22,26.68
2016-03-23,26.532499
2016-03-24,26.4175
2016-03-28,26.297501
2016-03-29,26.92
2016-03-30,27.389999
2016-03-31,27.247499
2016-04-01,27.497499
2016-04-04,27.780001
2016-04-05,27.452499
2016-04-06,27.74
2016-04-07,27.135
2016-04-08,27.165001
2016-04-11,27.254999
2016-04-12,27.610001
2016-04-13,28.01
2016-04-14,28.025
2016-04-15,27.4625
2016-04-18,26.870001
2016-04-19,26.727501
2016-04-20,26.782499
2016-04-21,26.4925
2016-04-22,26.42
2016-04-25,26.27
2016-04-26,26.0875
2016-04-27,24.455
2016-04-28,23.7075
2016-04-29,23.434999
2016-05-02,23.41
2016-05-03,23.795
2016-05-04,23.547501
2016-05-05,23.309999
2016-05-06,23.18
2016-05-09,23.1975
2016-05-10,23.355
2016-05-11,23.127501
2016-05-12,22.584999
2016-05-13,22.629999
2016-05-16,23.469999
2016-05-17,23.372499
2016-05-18,23.639999
2016-05-19,23.549999
2016-05-20,23.805
2016-05-23,24.1075
2016-05-24,24.475
2016-05-25,24.905001
2016-05-26,25.102501
2016-05-27,25.0875
2016-05-31,24.965
2016-06-01,24.615
2016-06-02,24.43
2016-06-03,24.48
2016-06-06,24.657499
2016-06-07,24.7575
2016-06-08,24.735001
2016-06-09,24.9125
2016-06-10,24.7075
2016-06-13,24.334999
2016-06-14,24.365
2016-06-15,24.285
2016-06-16,24.387501
2016-06-17,23.8325
2016-06-20,23.775
2016-06-21,23.977501
2016-06-22,23.887501
2016-06-23,24.025
2016-06-24,23.35
2016-06-27,23.01
2016-06-28,23.397499
2016-06-29,23.6
2016-06-30,23.9
2016-07-01,23.9725
2016-07-05,23.747499
2016-07-06,23.8825
2016-07-07,23.985001
2016-07-08,24.17
2016-07-11,24.245001
2016-07-12,24.355
2016-07-13,24.217501
2016-07-14,24.6975
2016-07-15,24.695
2016-07-18,24.9575
2016-07-19,24.967501
2016-07-20,24.99
2016-07-21,24.8575
2016-07-22,24.665001
2016-07-25,24.334999
2016-07-26,24.1675
2016-07-27,25.737499
2016-07-28,26.084999
2016-07-29,26.0525
2016-08-01,26.512501
2016-08-02,26.120001
2016-08-03,26.4475
2016-08-04,26.467501
2016-08-05,26.870001
2016-08-08,27.092501
2016-08-09,27.202499
2016-08-10,27.0
2016-08-11,26.9825
2016-08-12,27.045
2016-08-15,27.370001
2016-08-16,27.344999
2016-08-17,27.305
2016-08-18,27.27
2016-08-19,27.34
2016-08-22,27.127501
2016-08-23,27.2125
2016-08-24,27.0075
2016-08-25,26.8925
2016-08-26,26.735001
2016-08-29,26.705
2016-08-30,26.5
2016-08-31,26.525
2016-09-01,26.682501
2016-09-02,26.932501
2016-09-06,26.924999
2016-09-07,27.09
2016-09-08,26.379999
2016-09-09,25.782499
2016-09-12,26.360001
2016-09-13,26.987499
2016-09-14,27.942499
2016-09-15,28.8925
2016-09-16,28.73
2016-09-19,28.395
2016-09-20,28.3925
2016-09-21,28.387501
2016-09-22,28.655001
2016-09-23,28.1775
2016-09-26,28.219999
2016-09-27,28.272499
2016-09-28,28.487499
2016-09-29,28.045
2016-09-30,28.262501
2016-10-03,28.129999
2016-10-04,28.25
2016-10-05,28.262501
2016-10-06,28.4725
2016-10-07,28.514999
2016-10-10,29.012501
2016-10-11,29.075001
2016-10-12,29.334999
2016-10-13,29.245001
2016-10-14,29.407499
2016-10-17,29.387501
2016-10-18,29.3675
2016-10-19,29.280001
2016-10-20,29.264999
2016-10-21,29.15
2016-10-24,29.4125
2016-10-25,29.5625
2016-10-26,28.897499
2016-10-27,28.620001
2016-10-28,28.43
2016-10-31,28.385
2016-11-01,27.872499
2016-11-02,27.897499
2016-11-03,27.4575
2016-11-04,27.209999
2016-11-07,27.602501
2016-11-08,27.764999
2016-11-09,27.719999
2016-11-10,26.9475
2016-11-11,27.1075
2016-11-14,26.4275
2016-11-15,26.7775
2016-11-16,27.497499
2016-11-17,27.487499
2016-11-18,27.514999
2016-11-21,27.932501
2016-11-22,27.950001
2016-11-23,27.807501
2016-11-25,27.9475
2016-11-28,27.8925
2016-11-29,27.865
2016-11-30,27.629999
2016-12-01,27.372499
2016-12-02,27.475
2016-12-05,27.2775
2016-12-06,27.487499
2016-12-07,27.7575
2016-12-08,28.030001
2016-12-09,28.487499
2016-12-12,28.325001
2016-12-13,28.797501
2016-12-14,28.797501
2016-12-15,28.955
2016-12-16,28.9925
2016-12-19,29.16
2016-12-20,29.237499
2016-12-21,29.264999
2016-12-22,29.0725
2016-12-23,29.129999
2016-12-27,29.315001
2016-12-28,29.190001
2016-12-29,29.182501
2016-12-30,28.955
2017-01-03,29.0375
2017-01-04,29.004999
2017-01-05,29.1525
2017-01-06,29.477501
2017-01-09,29.747499
2017-01-10,29.7775
2017-01-11,29.9375
2017-01-12,29.8125
2017-01-13,29.76
2017-01-17,30.0
2017-01-18,29.997499
2017-01-19,29.945
2017-01-20,30.0
2017-01-23,30.02
2017-01-24,29.9925
2017-01-25,30.469999
2017-01-26,30.485001
2017-01-27,30.487499
2017-01-30,30.407499
2017-01-31,30.3375
2017-02-01,32.1875
2017-02-02,32.1325
2017-02-03,32.27
2017-02-06,32.572498
2017-02-07,32.8825
2017-02-08,33.009998
2017-02-09,33.105
2017-02-10,33.029999
2017-02-13,33.322498
2017-02-14,33.755001
2017-02-15,33.877499
2017-02-16,33.837502
2017-02-17,33.93
2017-02-21,34.174999
2017-02-22,34.2775
2017-02-23,34.1325
2017-02-24,34.165001
2017-02-27,34.232498
2017-02-28,34.247501
2017-03-01,34.947498
2017-03-02,34.740002
2017-03-03,34.945
2017-03-06,34.834999
2017-03-07,34.880001
2017-03-08,34.75
2017-03-09,34.669998
2017-03-10,34.785
2017-03-13,34.799999
2017-03-14,34.747501
2017-03-15,35.115002
2017-03-16,35.172501
2017-03-17,34.997501
2017-03-20,35.365002
2017-03-21,34.959999
2017-03-22,35.355
2017-03-23,35.23
2017-03-24,35.16
2017-03-27,35.220001
2017-03-28,35.950001
2017-03-29,36.029999
2017-03-30,35.982498
2017-03-31,35.915001
2017-04-03,35.924999
2017-04-04,36.192501
2017-04-05,36.005001
2017-04-06,35.915001
2017-04-07,35.834999
2017-04-10,35.7925
2017-04-11,35.407501
2017-04-12,35.450001
2017-04-13,35.262501
2017-04-17,35.4575
2017-04-18,35.299999
2017-04-19,35.169998
2017-04-20,35.610001
2017-04-21,35.567501
2017-04-24,35.91
2017-04-25,36.1325
2017-04-26,35.919998
2017-04-27,35.947498
2017-04-28,35.912498
2017-05-01,36.645
2017-05-02,36.877499
2017-05-03,36.764999
2017-05-04,36.6325
2017-05-05,37.240002
2017-05-08,38.252499
2017-05-09,38.497501
2017-05-10,38.314999
2017-05-11,38.487499
2017-05-12,39.025002
2017-05-15,38.924999
2017-05-16,38.8675
2017-05-17,37.5625
2017-05-18,38.134998
2017-05-19,38.264999
2017-05-22,38.497501
2017-05-23,38.450001
2017-05-24,38.334999
2017-05-25,38.467499
2017-05-26,38.4025
2017-05-30,38.4175
2017-05-31,38.189999
2017-06-01,38.294998
2017-06-02,38.862499
2017-06-05,38.482498
2017-06-06,38.612499
2017-06-07,38.842499
2017-06-08,38.747501
2017-06-09,37.244999
2017-06-12,36.355
2017-06-13,36.647499
2017-06-14,36.290001
2017-06-15,36.072498
2017-06-16,35.567501
2017-06-19,36.584999
2017-06-20,36.252499
2017-06-21,36.467499
2017-06-22,36.407501
2017-06-23,36.57
2017-06-26,36.455002
2017-06-27,35.932499
2017-06-28,36.4575
2017-06-29,35.919998
2017-06-30,36.005001
2017-07-03,35.875
2017-07-05,36.022499
2017-07-06,35.682499
2017-07-07,36.044998
2017-07-10,36.264999
2017-07-11,36.3825
2017-07-12,36.435001
2017-07-13,36.942501
2017-07-14,37.259998
2017-07-17,37.389999
2017-07-18,37.52
2017-07-19,37.755001
2017-07-20,37.584999
2017-07-21,37.567501
2017-07-24,38.022499
2017-07-25,38.185001
2017-07-26,38.365002
2017-07-27,37.639999
2017-07-28,37.375
2017-07-31,37.182499
2017-08-01,37.512501
2017-08-02,39.285
2017-08-03,38.892502
2017-08-04,39.0975
2017-08-07,39.702499
2017-08-08,40.02
2017-08-09,40.264999
2017-08-10,38.830002
2017-08-11,39.369999
2017-08-14,39.962502
2017-08-15,40.400002
2017-08-16,40.237499
2017-08-17,39.465
2017-08-18,39.375
2017-08-21,39.302502
2017-08-22,39.945
2017-08-23,39.994999
2017-08-24,39.817501
2017-08-25,39.965
2017-08-28,40.3675
2017-08-29,40.727501
2017-08-30,40.837502
2017-08-31,41.0
2017-09-01,41.012501
2017-09-05,40.52
2017-09-06,40.477501
2017-09-07,40.314999
2017-09-08,39.657501
2017-09-11,40.375
2017-09-12,40.215
2017-09-13,39.912498
2017-09-14,39.57
2017-09-15,39.970001
2017-09-18,39.6675
2017-09-19,39.682499
2017-09-20,39.017502
2017-09-21,38.3475
2017-09-22,37.9725
2017-09-25,37.637501
2017-09-26,38.285
2017-09-27,38.557499
2017-09-28,38.32
2017-09-29,38.529999
2017-10-02,38.452499
2017-10-03,38.619999
2017-10-04,38.369999
2017-10-05,38.8475
2017-10-06,38.825001
2017-10-09,38.959999
2017-10-10,38.974998
2017-10-11,39.137501
2017-10-12,39.0
2017-10-13,39.247501
2017-10-16,39.970001
2017-10-17,40.1175
2017-10-18,39.939999
2017-10-19,38.994999
2017-10-20,39.0625
2017-10-23,39.0425
2017-10-24,39.275002
2017-10-25,39.102501
2017-10-26,39.352501
2017-10-27,40.762501
2017-10-30,41.68
2017-10-31,42.259998
2017-11-01,41.7225
2017-11-02,42.0275
2017-11-03,43.125
2017-11-06,43.5625
2017-11-07,43.702499
2017-11-08,44.060001
2017-11-09,43.970001
2017-11-10,43.6675
2017-11-13,43.4925
2017-11-14,42.834999
2017-11-15,42.27
2017-11-16,42.775002
2017-11-17,42.537498
2017-11-20,42.494999
2017-11-21,43.285
2017-11-22,43.740002
2017-11-24,43.7425
2017-11-27,43.522499
2017-11-28,43.267502
2017-11-29,42.369999
2017-11-30,42.962502
2017-12-01,42.762501
2017-12-04,42.450001
2017-12-05,42.41
2017-12-06,42.252499
2017-12-07,42.330002
2017-12-08,42.342499
2017-12-11,43.1675
2017-12-12,42.924999
2017-12-13,43.067501
2017-12-14,43.055
2017-12-15,43.4925
2017-12-18,44.105
2017-12-19,43.634998
2017-12-20,43.587502
2017-12-21,43.752499
2017-12-22,43.752499
2017-12-26,42.642502
2017-12-27,42.650002
2017-12-28,42.77
2017-12-29,42.307499
2018-01-02,43.064999
2018-01-03,43.057499
2018-01-04,43.2575
2018-01-05,43.75
2018-01-08,43.587502
2018-01-09,43.5825
2018-01-10,43.572498
2018-01-11,43.82
2018-01-12,44.272499
2018-01-16,44.047501
2018-01-17,44.775002
2018-01-18,44.814999
2018-01-19,44.615002
2018-01-22,44.25
2018-01-23,44.259998
2018-01-24,43.555
2018-01-25,42.7775
2018-01-26,42.877499
2018-01-29,41.990002
2018-01-30,41.7425
2018-01-31,41.857498
2018-02-01,41.945
2018-02-02,40.125
2018-02-05,39.122501
2018-02-06,40.7575
2018-02-07,39.884998
2018-02-08,38.787498
2018-02-09,39.102501
2018-02-12,40.677502
2018-02-13,41.084999
2018-02-14,41.842499
2018-02-15,43.247501
2018-02-16,43.107498
2018-02-20,42.962502
2018-02-21,42.767502
2018-02-22,43.125
2018-02-23,43.875
2018-02-26,44.7425
2018-02-27,44.5975
2018-02-28,44.529999
2018-03-01,43.75
2018-03-02,44.052502
2018-03-05,44.205002
2018-03-06,44.1675
2018-03-07,43.7575
2018-03-08,44.235001
2018-03-09,44.994999
2018-03-12,45.43
2018-03-13,44.9925
2018-03-14,44.610001
2018-03-15,44.662498
2018-03-16,44.505001
2018-03-19,43.825001
2018-03-20,43.810001
2018-03-21,42.817501
2018-03-22,42.212502
2018-03-23,41.235001
2018-03-26,43.192501
2018-03-27,42.084999
2018-03-28,41.619999
2018-03-29,41.945
2018-04-02,41.669998
2018-04-03,42.0975
2018-04-04,42.9025
2018-04-05,43.200001
2018-04-06,42.095001
2018-04-09,42.512501
2018-04-10,43.3125
2018-04-11,43.110001
2018-04-12,43.535
2018-04-13,43.682499
2018-04-16,43.955002
2018-04-17,44.560001
2018-04-18,44.459999
2018-04-19,43.200001
2018-04-20,41.43
2018-04-23,41.310001
2018-04-24,40.735001
2018-04-25,40.912498
2018-04-26,41.055
2018-04-27,40.580002
2018-04-30,41.314999
2018-05-01,42.275002
2018-05-02,44.142502
2018-05-03,44.2225
2018-05-04,45.9575
2018-05-07,46.290001
2018-05-08,46.512501
2018-05-09,46.84
2018-05-10,47.509998
2018-05-11,47.147499
2018-05-14,47.037498
2018-05-15,46.610001
2018-05-16,47.044998
2018-05-17,46.747501
2018-05-18,46.577499
2018-05-21,46.907501
2018-05-22,46.790001
2018-05-23,47.09
2018-05-24,47.037498
2018-05-25,47.145
2018-05-29,46.974998
2018-05-30,46.875
2018-05-31,46.717499
2018-06-01,47.560001
2018-06-04,47.9575
2018-06-05,48.327499
2018-06-06,48.494999
2018-06-07,48.365002
2018-06-08,47.924999
2018-06-11,47.807499
2018-06-12,48.07
2018-06-13,47.674999
2018-06-14,47.700001
2018-06-15,47.209999
2018-06-18,47.185001
2018-06-19,46.422501
2018-06-20,46.625
2018-06-21,46.365002
2018-06-22,46.23
2018-06-25,45.5425
2018-06-26,46.107498
2018-06-27,46.040001
2018-06-28,46.375
2018-06-29,46.2775
2018-07-02,46.794998
2018-07-03,45.98
2018-07-05,46.349998
2018-07-06,46.9925
2018-07-09,47.645
2018-07-10,47.587502
2018-07-11,46.970001
2018-07-12,47.7575
2018-07-13,47.8325
2018-07-16,47.727501
2018-07-17,47.862499
2018-07-18,47.599998
2018-07-19,47.970001
2018-07-20,47.860001
2018-07-23,47.9025
2018-07-24,48.25
2018-07-25,48.705002
2018-07-26,48.552502
2018-07-27,47.744999
2018-07-30,47.477501
2018-07-31,47.572498
2018-08-01,50.375
2018-08-02,51.8475
2018-08-03,51.997501
2018-08-06,52.267502
2018-08-07,51.7775
2018-08-08,51.8125
2018-08-09,52.220001
2018-08-10,51.8825
2018-08-13,52.217499
2018-08-14,52.4375
2018-08-15,52.560001
2018-08-16,53.330002
2018-08-17,54.395
2018-08-20,53.865002
2018-08-21,53.759998
2018-08-22,53.762501
2018-08-23,53.872501
2018-08-24,54.040001
2018-08-27,54.485001
2018-08-28,54.924999
2018-08-29,55.744999
2018-08-30,56.2575
2018-08-31,56.907501
2018-09-04,57.09
2018-09-05,56.717499
2018-09-06,55.775002
2018-09-07,55.325001
2018-09-10,54.5825
2018-09-11,55.962502
2018-09-12,55.267502
2018-09-13,56.602501
2018-09-14,55.959999
2018-09-17,54.470001
2018-09-18,54.560001
2018-09-19,54.592499
2018-09-20,55.0075
2018-09-21,54.415001
2018-09-24,55.197498
2018-09-25,55.547501
2018-09-26,55.105
2018-09-27,56.237499
2018-09-28,56.435001
2018-10-01,56.814999
2018-10-02,57.32
2018-10-03,58.017502
2018-10-04,56.997501
2018-10-05,56.072498
2018-10-08,55.942501
2018-10-09,56.717499
2018-10-10,54.09
2018-10-11,53.612499
2018-10-12,55.5275
2018-10-15,54.34
2018-10-16,55.537498
2018-10-17,55.297501
2018-10-18,54.005001
2018-10-19,54.827499
2018-10-22,55.162498
2018-10-23,55.682499
2018-10-24,53.772499
2018-10-25,54.950001
2018-10-26,54.075001
2018-10-29,53.060001
2018-10-30,53.325001
2018-10-31,54.715
2018-11-01,55.555
2018-11-02,51.869999
2018-11-05,50.397499
2018-11-06,50.942501
2018-11-07,52.487499
2018-11-08,52.122501
2018-11-09,51.1175
2018-11-12,48.5425
2018-11-13,48.057499
2018-11-14,46.700001
2018-11-15,47.852501
2018-11-16,48.3825
2018-11-19,46.465
2018-11-20,44.244999
2018-11-21,44.195
2018-11-23,43.072498
2018-11-26,43.654999
2018-11-27,43.560001
2018-11-28,45.235001
2018-11-29,44.887501
2018-11-30,44.645
2018-12-03,46.205002
2018-12-04,44.172501
2018-12-06,43.68
2018-12-07,42.122501
2018-12-10,42.400002
2018-12-11,42.157501
2018-12-12,42.275002
2018-12-13,42.737499
2018-12-14,41.369999
2018-12-17,40.985001
2018-12-18,41.517502
2018-12-19,40.2225
2018-12-20,39.2075
2018-12-21,37.682499
2018-12-24,36.7075
2018-12-26,39.2925
2018-12-27,39.037498
2018-12-28,39.057499
2018-12-31,39.435001
2019-01-02,39.48
2019-01-03,35.547501
2019-01-04,37.064999
2019-01-07,36.982498
2019-01-08,37.6875
2019-01-09,38.327499
2019-01-10,38.450001
2019-01-11,38.072498
2019-01-14,37.5
2019-01-15,38.267502
2019-01-16,38.735001
2019-01-17,38.965
2019-01-18,39.205002
2019-01-22,38.325001
2019-01-23,38.48
2019-01-24,38.174999
2019-01-25,39.439999
2019-01-28,39.075001
2019-01-29,38.669998
2019-01-30,41.3125
2019-01-31,41.610001
2019-02-01,41.630001
2019-02-04,42.8125
2019-02-05,43.544998
2019-02-06,43.560001
2019-02-07,42.735001
2019-02-08,42.602501
2019-02-11,42.357498
2019-02-12,42.7225
2019-02-13,42.544998
2019-02-14,42.700001
2019-02-15,42.605
2019-02-19,42.732498
2019-02-20,43.0075
2019-02-21,42.764999
2019-02-22,43.2425
2019-02-25,43.557499
2019-02-26,43.5825
2019-02-27,43.717499
2019-02-28,43.287498
2019-03-01,43.7425
2019-03-04,43.962502
2019-03-05,43.8825
2019-03-06,43.630001
2019-03-07,43.125
2019-03-08,43.227501
2019-03-11,44.724998
2019-03-12,45.227501
2019-03-13,45.427502
2019-03-14,45.932499
2019-03-15,46.529999
2019-03-18,47.005001
2019-03-19,46.6325
2019-03-20,47.040001
2019-03-21,48.772499
2019-03-22,47.762501
2019-03-25,47.185001
2019-03-26,46.697498
2019-03-27,47.1175
2019-03-28,47.18
2019-03-29,47.487499
2019-04-01,47.810001
2019-04-02,48.505001
2019-04-03,48.837502
2019-04-04,48.922501
2019-04-05,49.25
2019-04-08,50.025002
2019-04-09,49.875
2019-04-10,50.154999
2019-04-11,49.737499
2019-04-12,49.717499
2019-04-15,49.807499
2019-04-16,49.8125
2019-04-17,50.782501
2019-04-18,50.965
2019-04-22,51.1325
2019-04-23,51.869999
2019-04-24,51.790001
2019-04-25,51.32
2019-04-26,51.075001
2019-04-29,51.1525
2019-04-30,50.1675
2019-05-01,52.630001
2019-05-02,52.287498
2019-05-03,52.9375
2019-05-06,52.119999
2019-05-07,50.715
2019-05-08,50.724998
2019-05-09,50.18
2019-05-10,49.294998
2019-05-13,46.43
2019-05-14,47.165001
2019-05-15,47.73
2019-05-16,47.52
2019-05-17,47.25
2019-05-20,45.772499
2019-05-21,46.650002
2019-05-22,45.695
2019-05-23,44.915001
2019-05-24,44.7425
2019-05-28,44.557499
2019-05-29,44.345001
2019-05-30,44.575001
2019-05-31,43.767502
2019-06-03,43.325001
2019-06-04,44.91
2019-06-05,45.634998
2019-06-06,46.305
2019-06-07,47.537498
2019-06-10,48.145
2019-06-11,48.702499
2019-06-12,48.547501
2019-06-13,48.537498
2019-06-14,48.185001
2019-06-17,48.4725
2019-06-18,49.612499
2019-06-19,49.467499
2019-06-20,49.865002
2019-06-21,49.695
2019-06-24,49.645
2019-06-25,48.892502
2019-06-26,49.950001
2019-06-27,49.935001
2019-06-28,49.48
2019-07-01,50.387501
2019-07-02,50.682499
2019-07-03,51.102501
2019-07-05,51.057499
2019-07-08,50.005001
2019-07-09,50.310001
2019-07-10,50.807499
2019-07-11,50.4375
2019-07-12,50.825001
2019-07-15,51.302502
2019-07-16,51.125
2019-07-17,50.837502
2019-07-18,51.415001
2019-07-19,50.647499
2019-07-22,51.805
2019-07-23,52.209999
2019-07-24,52.1675
2019-07-25,51.755001
2019-07-26,51.935001
2019-07-29,52.419998
2019-07-30,52.195
2019-07-31,53.259998
2019-08-01,52.107498
2019-08-02,51.005001
2019-08-05,48.334999
2019-08-06,49.25
2019-08-07,49.759998
2019-08-08,50.857498
2019-08-09,50.247501
2019-08-12,50.119999
2019-08-13,52.2425
2019-08-14,50.6875
2019-08-15,50.435001
2019-08-16,51.625
2019-08-19,52.587502
2019-08-20,52.59
2019-08-21,53.16
2019-08-22,53.115002
2019-08-23,50.66
2019-08-26,51.622501
2019-08-27,51.040001
2019-08-28,51.3825
2019-08-29,52.252499
2019-08-30,52.185001
2019-09-03,51.424999
2019-09-04,52.297501
2019-09-05,53.32
2019-09-06,53.314999
2019-09-09,53.5425
2019-09-10,54.174999
2019-09-11,55.897499
2019-09-12,55.772499
2019-09-13,54.6875
2019-09-16,54.974998
2019-09-17,55.174999
2019-09-18,55.692501
2019-09-19,55.240002
2019-09-20,54.432499
2019-09-23,54.68
2019-09-24,54.419998
2019-09-25,55.2575
2019-09-26,54.9725
2019-09-27,54.705002
2019-09-30,55.9925
2019-10-01,56.147499
2019-10-02,54.740002
2019-10-03,55.205002
2019-10-04,56.752499
2019-10-07,56.764999
2019-10-08,56.099998
2019-10-09,56.7575
2019-10-10,57.522499
2019-10-11,59.052502
2019-10-14,58.967499
2019-10-15,58.830002
2019-10-16,58.592499
2019-10-17,58.82
2019-10-18,59.102501
2019-10-21,60.127499
2019-10-22,59.990002
2019-10-23,60.794998
2019-10-24,60.895
2019-10-25,61.645
2019-10-28,62.262501
2019-10-29,60.822498
2019-10-30,60.814999
2019-10-31,62.189999
2019-11-01,63.955002
2019-11-04,64.375
2019-11-05,64.282501
2019-11-06,64.309998
2019-11-07,64.857498
2019-11-08,65.035004
2019-11-11,65.550003
2019-11-12,65.489998
2019-11-13,66.1175
2019-11-14,65.660004
2019-11-15,66.440002
2019-11-18,66.775002
2019-11-19,66.572502
2019-11-20,65.797501
2019-11-21,65.502502
2019-11-22,65.445
2019-11-25,66.592499
2019-11-26,66.072502
2019-11-27,66.959999
2019-11-29,66.8125
2019-12-02,66.040001
2019-12-03,64.862503
2019-12-04,65.434998
2019-12-05,66.394997
2019-12-06,67.677498
2019-12-09,66.730003
2019-12-10,67.120003
2019-12-11,67.692497
2019-12-12,67.864998
2019-12-13,68.787498
2019-12-16,69.964996
2019-12-17,70.102501
2019-12-18,69.934998
2019-12-19,70.004997
2019-12-20,69.860001
2019-12-23,71.0
2019-12-24,71.067497
2019-12-26,72.477501
2019-12-27,72.449997
2019-12-30,72.879997
2019-12-31,73.412498
2020-01-02,75.087502
2020-01-03,74.357498
2020-01-06,74.949997
2020-01-07,74.597504
2020-01-08,75.797501
2020-01-09,77.407501
2020-01-10,77.582497
2020-01-13,79.239998
2020-01-14,78.169998
2020-01-15,77.834999
2020-01-16,78.809998
2020-01-17,79.682503
2020-01-21,79.142502
2020-01-22,79.425003
2020-01-23,79.807503
2020-01-24,79.577499
2020-01-27,77.237503
2020-01-28,79.422501
2020-01-29,81.084999
2020-01-30,80.967499
2020-01-31,77.377502
2020-02-03,77.165001
2020-02-04,79.712502
2020-02-05,80.362503
2020-02-06,81.302498
2020-02-07,80.0075
2020-02-10,80.387497
2020-02-11,79.902496
2020-02-12,81.800003
2020-02-13,81.217499
2020-02-14,81.237503
2020-02-18,79.75
2020-02-19,80.904999
2020-02-20,80.074997
2020-02-21,78.262497
2020-02-24,74.544998
2020-02-25,72.019997
2020-02-26,73.162498
2020-02-27,68.379997
2020-02-28,68.339996
2020-03-02,74.702499
2020-03-03,72.330002
2020-03-04,75.684998
2020-03-05,73.230003
2020-03-06,72.2575
2020-03-09,66.542503
2020-03-10,71.334999
2020-03-11,68.857498
2020-03-12,62.057499
2020-03-13,69.4925
2020-03-16,60.552502
2020-03-17,63.215
2020-03-18,61.6675
2020-03-19,61.195
2020-03-20,57.310001
2020-03-23,56.092499
2020-03-24,61.720001
2020-03-25,61.380001
2020-03-26,64.610001
2020-03-27,61.935001
2020-03-30,63.702499
2020-03-31,63.572498
2020-04-01,60.227501
2020-04-02,61.232498
2020-04-03,60.352501
2020-04-06,65.6175
2020-04-07,64.857498
2020-04-08,66.517502
2020-04-09,66.997498
2020-04-13,68.3125
2020-04-14,71.762497
2020-04-15,71.107498
2020-04-16,71.672501
2020-04-17,70.699997
2020-04-20,69.232498
2020-04-21,67.092499
2020-04-22,69.025002
2020-04-23,68.7575
2020-04-24,70.7425
2020-04-27,70.792503
2020-04-28,69.644997
2020-04-29,71.932503
2020-04-30,73.449997
2020-05-01,72.267502
2020-05-04,73.290001
2020-05-05,74.389999
2020-05-06,75.157501
2020-05-07,75.934998
2020-05-08,77.532501
2020-05-11,78.752502
2020-05-12,77.852501
2020-05-13,76.912498
2020-05-14,77.385002
2020-05-15,76.927498
2020-05-18,78.739998
2020-05-19,78.285004
2020-05-20,79.807503
2020-05-21,79.212502
2020-05-22,79.722504
2020-05-26,79.182503
2020-05-27,79.527496
2020-05-28,79.5625
2020-05-29,79.485001
2020-06-01,80.462502
2020-06-02,80.834999
2020-06-03,81.279999
2020-06-04,80.580002
2020-06-05,82.875
2020-06-08,83.364998
2020-06-09,85.997498
2020-06-10,88.209999
2020-06-11,83.974998
2020-06-12,84.699997
2020-06-15,85.747498
2020-06-16,88.019997
2020-06-17,87.897499
2020-06-18,87.932503
2020-06-19,87.43
2020-06-22,89.717499
2020-06-23,91.6325
2020-06-24,90.014999
2020-06-25,91.209999
2020-06-26,88.407501
2020-06-29,90.445
2020-06-30,91.199997
2020-07-01,91.027496
2020-07-02,91.027496
2020-07-06,93.462502
2020-07-07,93.172501
2020-07-08,95.342499
2020-07-09,95.752502
2020-07-10,95.919998
2020-07-13,95.477501
2020-07-14,97.057503
2020-07-15,97.724998
2020-07-16,96.522499
2020-07-17,96.327499
2020-07-20,98.357498
2020-07-21,97.0
2020-07-22,97.272499
2020-07-23,92.845001
2020-07-24,92.614998
2020-07-27,94.809998
2020-07-28,93.252502
2020-07-29,95.040001
2020-07-30,96.190002
2020-07-31,106.260002
2020-08-03,108.9375
2020-08-04,109.665001
2020-08-05,110.0625
2020-08-06,113.902496
2020-08-07,111.112503
2020-08-10,112.727501
2020-08-11,109.375
2020-08-12,113.010002
2020-08-13,115.010002
2020-08-14,114.907501
2020-08-17,114.607498
2020-08-18,115.5625
2020-08-19,115.707497
2020-08-20,118.275002
2020-08-21,124.370003
2020-08-24,125.857498
2020-08-25,124.824997
2020-08-26,126.522499
2020-08-27,125.010002
2020-08-28,124.807503
2020-08-31,129.039993
2020-09-01,134.179993
2020-09-02,131.399994
2020-09-03,120.879997
2020-09-04,120.959999
2020-09-08,112.82
2020-09-09,117.32
2020-09-10,113.489998
2020-09-11,112.0
2020-09-14,115.360001
2020-09-15,115.540001
2020-09-16,112.129997
2020-09-17,110.339996
2020-09-18,106.839996
2020-09-21,110.080002
2020-09-22,111.809998
2020-09-23,107.120003
2020-09-24,108.220001
2020-09-25,112.279999
2020-09-28,114.959999
2020-09-29,114.089996
2020-09-30,115.809998
2020-10-01,116.790001
2020-10-02,113.019997
2020-10-05,116.5
2020-10-06,113.160004
2020-10-07,115.080002
2020-10-08,114.970001
2020-10-09,116.970001
2020-10-12,124.400002
2020-10-13,121.099998
2020-10-14,121.190002
2020-10-15,120.709999
2020-10-16,119.019997
2020-10-19,115.980003
2020-10-20,117.510002
2020-10-21,116.870003
2020-10-22,115.75
2020-10-23,115.040001
2020-10-26,115.050003
2020-10-27,116.599998
2020-10-28,111.199997
2020-10-29,115.32
2020-10-30,108.860001
2020-11-02,108.769997
2020-11-03,110.440002
2020-11-04,114.949997
2020-11-05,119.029999
2020-11-06,118.690002
2020-11-09,116.32
2020-11-10,115.970001
2020-11-11,119.489998
2020-11-12,119.209999
2020-11-13,119.260002
2020-11-16,120.300003
2020-11-17,119.389999
2020-11-18,118.029999
2020-11-19,118.639999
2020-11-20,117.339996
2020-11-23,113.849998
2020-11-24,115.169998
2020-11-25,116.029999
2020-11-27,116.589996
2020-11-30,119.050003
2020-12-01,122.720001
2020-12-02,123.080002
2020-12-03,122.940002
2020-12-04,122.25
2020-12-07,123.75
2020-12-08,124.379997
2020-12-09,121.779999
2020-12-10,123.239998
2020-12-11,122.410004
2020-12-14,121.779999
2020-12-15,127.879997
2020-12-16,127.809998
2020-12-17,128.699997
2020-12-18,126.660004
2020-12-21,128.229996
2020-12-22,131.880005
2020-12-23,130.960007
2020-12-24,131.970001
2020-12-28,136.690002
2020-12-29,134.869995
2020-12-30,133.720001
2020-12-31,132.690002
2021-01-04,129.410004
2021-01-05,131.009995
2021-01-06,126.599998
2021-01-07,130.919998
2021-01-08,132.050003
2021-01-11,128.979996
2021-01-12,128.800003
2021-01-13,130.889999
2021-01-14,128.910004
2021-01-15,127.139999
2021-01-19,127.830002
2021-01-20,132.029999
2021-01-21,136.869995
2021-01-22,139.070007
2021-01-25,142.919998
2021-01-26,143.160004
2021-01-27,142.059998
2021-01-28,137.089996
2021-01-29,131.960007
2021-02-01,134.139999
2021-02-02,134.990005
2021-02-03,133.940002
2021-02-04,137.389999
2021-02-05,136.759995
2021-02-08,136.910004
2021-02-09,136.009995
2021-02-10,135.389999
2021-02-11,135.130005
2021-02-12,135.369995
2021-02-16,133.190002
2021-02-17,130.839996
2021-02-18,129.710007
2021-02-19,129.869995
2021-02-22,126.0
2021-02-23,125.860001
2021-02-24,125.349998
2021-02-25,120.989998
2021-02-26,121.260002
2021-03-01,127.790001
2021-03-02,125.120003
2021-03-03,122.059998
2021-03-04,120.129997
2021-03-05,121.419998
2021-03-08,116.360001
2021-03-09,121.089996
2021-03-10,119.980003
2021-03-11,121.959999
2021-03-12,121.029999
2021-03-15,123.989998
2021-03-16,125.57
2021-03-17,124.760002
2021-03-18,120.529999
2021-03-19,119.989998
2021-03-22,123.389999
2021-03-23,122.540001
2021-03-24,120.089996
2021-03-25,120.589996
2021-03-26,121.209999
2021-03-29,121.389999
2021-03-30,119.900002
2021-03-31,122.150002
2021-04-01,123.0
2021-04-05,125.900002
2021-04-06,126.209999
2021-04-07,127.900002
2021-04-08,130.360001
2021-04-09,133.0
2021-04-12,131.240005
2021-04-13,134.429993
2021-04-14,132.029999
2021-04-15,134.5
2021-04-16,134.160004
2021-04-19,134.839996
2021-04-20,133.110001
2021-04-21,133.5
2021-04-22,131.940002
2021-04-23,134.320007
2021-04-26,134.720001
2021-04-27,134.389999
2021-04-28,133.580002
2021-04-29,133.479996
2021-04-30,131.460007
2021-05-03,132.539993
2021-05-04,127.849998
2021-05-05,128.100006
2021-05-06,129.740005
2021-05-07,130.210007
2021-05-10,126.849998
2021-05-11,125.910004
2021-05-12,122.769997
2021-05-13,124.970001
2021-05-14,127.449997
2021-05-17,126.269997
2021-05-18,124.849998
2021-05-19,124.690002
2021-05-20,127.309998
2021-05-21,125.43
2021-05-24,127.099998
2021-05-25,126.900002
2021-05-26,126.849998
2021-05-27,125.279999
2021-05-28,124.610001
2021-06-01,124.279999
2021-06-02,125.059998
2021-06-03,123.540001
2021-06-04,125.889999
2021-06-07,125.900002
2021-06-08,126.739998
2021-06-09,127.129997
2021-06-10,126.110001
2021-06-11,127.349998
2021-06-14,130.479996
2021-06-15,129.639999
2021-06-16,130.149994
2021-06-17,131.789993
2021-06-18,130.460007
2021-06-21,132.300003
2021-06-22,133.979996
2021-06-23,133.699997
2021-06-24,133.410004
2021-06-25,133.110001
2021-06-28,134.779999
2021-06-29,136.330002
2021-06-30,136.960007
2021-07-01,137.270004
2021-07-02,139.960007
2021-07-06,142.020004
2021-07-07,144.570007
2021-07-08,143.240005
2021-07-09,145.110001
2021-07-12,144.5
2021-07-13,145.639999
2021-07-14,149.149994
2021-07-15,148.479996
2021-07-16,146.389999
2021-07-19,142.449997
2021-07-20,146.149994
2021-07-21,145.399994
2021-07-22,146.800003
2021-07-23,148.559998
2021-07-26,148.990005
2021-07-27,146.770004
2021-07-28,144.979996
2021-07-29,145.639999
2021-07-30,145.860001
2021-08-02,145.520004
2021-08-03,147.360001
2021-08-04,146.949997
2021-08-05,147.059998
2021-08-06,146.139999
2021-08-09,146.089996
2021-08-10,145.600006
2021-08-11,145.860001
2021-08-12,148.889999
2021-08-13,149.100006
2021-08-16,151.119995
2021-08-17,150.190002
2021-08-18,146.360001
2021-08-19,146.699997
2021-08-20,148.190002
2021-08-23,149.710007
2021-08-24,149.619995
2021-08-25,148.360001
2021-08-26,147.539993
2021-08-27,148.600006
2021-08-30,153.119995
2021-08-31,151.830002
2021-09-01,152.509995
2021-09-02,153.649994
2021-09-03,154.300003
2021-09-07,156.690002
2021-09-08,155.110001
2021-09-09,154.070007
2021-09-10,148.970001
2021-09-13,149.550003
2021-09-14,148.119995
2021-09-15,149.029999
2021-09-16,148.789993
2021-09-17,146.059998
2021-09-20,142.940002
2021-09-21,143.429993
2021-09-22,145.850006
2021-09-23,146.830002
2021-09-24,146.919998
2021-09-27,145.369995
2021-09-28,141.910004
2021-09-29,142.830002
2021-09-30,141.5
2021-10-01,142.649994
2021-10-04,139.139999
2021-10-05,141.110001
2021-10-06,142.0
2021-10-07,143.289993
2021-10-08,142.899994
2021-10-11,142.809998
2021-10-12,141.509995
2021-10-13,140.910004
2021-10-14,143.759995
2021-10-15,144.839996
2021-10-18,146.550003
2021-10-19,148.759995
2021-10-20,149.259995
2021-10-21,149.479996
2021-10-22,148.690002
2021-10-25,148.639999
2021-10-26,149.320007
2021-10-27,148.850006
2021-10-28,152.570007
2021-10-29,149.800003
2021-11-01,148.960007
2021-11-02,150.020004
2021-11-03,151.490005
2021-11-04,150.960007
2021-11-05,151.279999
2021-11-08,150.440002
2021-11-09,150.809998
2021-11-10,147.919998
2021-11-11,147.869995
2021-11-12,149.990005
2021-11-15,150.0
2021-11-16,151.0
2021-11-17,153.490005
2021-11-18,157.869995
2021-11-19,160.550003
2021-11-22,161.020004
2021-11-23,161.410004
2021-11-24,161.940002
2021-11-26,156.809998
2021-11-29,160.240005
2021-11-30,165.300003
2021-12-01,164.770004
2021-12-02,163.759995
2021-12-03,161.839996
2021-12-06,165.320007
2021-12-07,171.179993
2021-12-08,175.080002
2021-12-09,174.559998
2021-12-10,179.449997
2021-12-13,175.740005
2021-12-14,174.330002
2021-12-15,179.300003
2021-12-16,172.259995
2021-12-17,171.139999
2021-12-20,169.75
2021-12-21,172.990005
2021-12-22,175.639999
2021-12-23,176.279999
2021-12-27,180.330002
2021-12-28,179.289993
2021-12-29,179.380005
2021-12-30,178.199997
2021-12-31,177.570007
